num crossings	time (s)	maj axis (mm)	min axis (mm)	theta (rad )	slope (V/s)
2317	2654.489938	58.024421	0.885043	1.552787	9.836403
2319	2656.578985	55.194382	0.894223	1.519095	9.460292
2321	2658.668036	54.683142	0.898023	1.538974	9.762829
2323	2660.756584	53.866240	0.535688	1.534147	9.674766
2325	2662.845378	54.748836	0.903074	1.517623	9.319993
2327	2664.934764	56.502908	3.557639	1.526593	9.654684
2329	2667.020882	59.038859	0.943370	1.554244	9.456316
2331	2669.111489	54.625593	0.450257	1.531225	9.705751
2333	2671.200584	54.395000	0.537714	1.532487	9.945422
2335	2673.289112	58.795344	0.762205	1.554118	9.936830
2337	2675.378810	58.900601	0.830785	1.552240	9.414116
2339	2677.467057	58.582512	0.824517	1.552078	10.018318
2341	2679.556047	59.099725	0.890228	1.553148	9.407433
2343	2681.645100	54.162900	0.648243	1.524853	9.742872
2345	2683.734008	53.987311	0.865342	1.539206	9.709995
2347	2685.823027	54.880811	1.014180	1.515987	9.635003
2349	2687.911656	53.685551	3.957930	1.521494	9.930978
2351	2690.000408	53.747149	0.540668	1.533764	9.503553
2353	2692.089093	58.974652	0.821848	1.553105	9.681750
2355	2694.178048	54.243298	0.709379	1.524101	9.384839
2357	2696.268540	54.296272	0.886558	1.537342	10.054273
2359	2698.357465	58.127009	0.880238	1.550094	9.124588
2361	2700.446366	58.321686	0.771529	1.550425	9.717455
2363	2702.535413	53.486885	0.606571	1.535086	9.771448
2365	2704.623979	54.336739	0.664335	1.523487	9.783759
2367	2706.713164	54.288157	1.249028	1.519018	10.653558
2369	2708.802260	53.463378	0.897652	1.510222	9.910312
2371	2710.891285	54.384747	0.792064	1.523478	9.990148
2373	2712.980047	54.577347	4.032331	1.523610	9.755783
2375	2715.069288	53.786737	0.595709	1.534499	9.689988
2377	2717.158355	58.195407	0.779018	1.550608	9.812159
2379	2719.246408	57.756196	0.750593	1.551270	9.620199
2381	2721.335185	58.397843	0.937704	1.550551	9.347713
2383	2723.424268	59.168780	1.053880	1.547229	10.141798
2385	2725.513476	54.276039	0.526387	1.531688	9.770620
2387	2727.602697	54.466402	0.685169	1.523809	9.911934
2389	2729.692391	53.712547	0.909542	1.539084	10.010888
2391	2731.782733	55.893041	0.938890	1.514953	9.792157
2393	2733.871351	56.916538	3.535527	1.515706	9.789301
2395	2735.958497	58.508461	0.949525	1.548768	9.787686
2397	2738.047536	54.390481	0.533317	1.530242	9.928098
2399	2740.136367	58.238179	0.795660	1.546712	10.191179
2401	2742.225897	54.209473	0.521435	1.529893	9.529591
2403	2744.314450	59.159721	0.844001	1.548472	9.878405
2405	2746.403053	58.558268	0.895977	1.549219	10.326159
2407	2748.492229	58.491583	0.923623	1.549604	10.039208
2409	2750.580801	58.515645	0.691040	1.550006	9.662257
2411	2752.669767	59.051523	0.801280	1.550245	9.773605
2413	2754.758672	58.864366	0.947111	1.549499	9.802931
2415	2756.847572	54.319047	1.015158	1.514307	9.487801
2417	2758.936656	60.021774	3.238946	1.519851	9.928179
2419	2761.025564	53.059893	0.666787	1.533622	10.207078
2421	2763.114598	54.461603	0.998630	1.512921	10.071104
2423	2765.203639	54.253117	0.896036	1.535845	9.997237
2425	2767.292376	58.553519	0.956395	1.547174	9.528207
2427	2769.381505	57.685417	0.792119	1.546527	9.688952
2429	2771.470654	54.719020	0.892876	1.515147	9.834673
2431	2773.559572	53.607390	0.927372	1.509784	10.131387
2433	2775.648645	61.468577	3.331787	1.525156	9.638388
2435	2777.737462	53.283275	0.573290	1.532102	9.935845
2437	2779.826057	58.868039	0.903299	1.545926	9.800687
2439	2781.915867	55.743535	0.939564	1.516761	9.725015
2441	2784.004286	59.560510	3.735261	1.526059	9.849135
2443	2786.093498	54.043846	0.527364	1.529384	9.966630
2445	2788.182365	57.543589	0.838490	1.544212	9.553487
2447	2790.271532	58.461502	0.845094	1.545406	9.962794
2449	2792.359978	53.825998	0.500846	1.530259	9.645261
2451	2794.449060	57.485476	0.875022	1.543831	9.837906
2453	2796.537780	53.834925	0.518934	1.529455	9.631823
2455	2798.626559	53.914377	0.589936	1.522283	10.097451
2457	2800.715822	53.903164	0.968647	1.510587	9.989674
2459	2802.804779	55.171995	3.368994	1.508909	9.732781
2461	2804.893589	53.953485	0.966170	1.510218	9.850360
2463	2806.982302	54.003599	0.940133	1.510846	10.104653
2465	2809.071243	50.997956	3.793240	1.511268	9.665375
2467	2811.160460	58.088098	0.894386	1.544055	9.950909
2469	2813.249372	53.618804	0.607793	1.530836	9.930768
2471	2815.337929	59.744914	1.070407	1.545717	9.982041
2473	2817.427246	59.182966	1.207431	1.545356	9.822134
2475	2819.516313	53.994708	1.012473	1.513494	9.866771
2477	2821.604994	54.176892	0.882874	1.533837	9.703835
2479	2823.694116	57.529861	0.779359	1.544342	9.830149
2481	2825.782864	57.659710	0.967664	1.547484	9.693699
2483	2827.871901	53.381747	0.842821	1.515846	9.969481
2485	2829.960758	53.909542	0.876254	1.534050	9.385754
2487	2832.049943	55.295710	0.899378	1.513713	9.707576
2489	2834.138842	56.180571	3.379565	1.510857	9.760633
2491	2836.227856	54.957058	0.903206	1.513949	9.781734
2493	2838.316714	54.183485	3.362536	1.505696	9.503399
2495	2840.405683	53.333593	0.980433	1.513137	10.007798
2497	2842.494827	54.314425	0.887435	1.531640	9.629954
2499	2844.583292	55.042926	0.869328	1.513158	9.821906
2501	2846.672414	53.152924	0.904531	1.507283	9.762522
2503	2848.761491	53.872652	0.766900	1.519326	9.626935
2505	2850.850286	62.211084	3.351538	1.521312	9.521154
2507	2852.939233	54.191350	0.975641	1.508853	9.766821
2509	2855.027927	54.298516	3.629104	1.523480	9.971560
2511	2857.117127	58.258219	0.759787	1.545314	9.756648
2513	2859.205768	58.084220	0.912525	1.546389	10.016246
2515	2861.294852	58.090326	0.798629	1.544143	9.770017
2517	2863.383830	53.983877	0.683312	1.519025	9.888328
2519	2865.472415	54.051634	0.793630	1.518114	9.468800
2521	2867.561704	53.726187	0.879490	1.507529	9.809599
2523	2869.650695	53.603460	1.037313	1.508992	9.753833
2525	2871.739758	53.808334	0.871279	1.533217	9.940899
2527	2873.828642	59.157646	0.882199	1.546974	9.857422
2529	2875.917652	58.503023	0.939170	1.543488	9.812312
2531	2878.006412	58.296638	0.775391	1.546817	9.818666
2533	2880.095587	58.410101	0.885589	1.543094	9.633083
2535	2882.184366	53.708061	0.562716	1.527468	9.848278
2537	2884.273341	54.349737	0.534479	1.526383	9.889396
2539	2886.362310	58.059467	0.864140	1.542508	9.572948
2541	2888.451463	53.298275	0.585264	1.528410	9.776100
2543	2890.539886	59.330914	0.925418	1.544453	9.805430
2545	2892.629343	58.563173	1.190468	1.539702	9.918660
2547	2894.718392	53.999929	0.679537	1.517701	10.037283
2549	2896.807113	54.123507	3.874199	1.517772	9.758705
2551	2898.896222	53.393541	0.901004	1.509795	9.667687
2553	2900.985236	54.456046	0.894357	1.531282	9.734117
2555	2903.074037	55.880537	0.972827	1.515964	10.044482
2557	2905.162859	53.878873	0.783359	1.516898	9.612273
2559	2907.252135	60.005040	3.317805	1.519768	9.733143
2561	2909.340948	53.514566	0.540627	1.525713	9.760310
2563	2911.429857	59.179912	0.637328	1.544023	9.638965
2565	2913.518915	52.158188	0.858464	1.509675	10.072915
2567	2915.607640	54.278819	0.897786	1.530574	9.921301
2569	2917.696724	57.841003	0.834420	1.543300	9.602793
2571	2919.785605	57.922953	0.862860	1.543719	9.542702
2573	2921.874762	53.493278	1.064821	1.518804	10.379579
2575	2923.963282	55.329987	3.359039	1.506051	10.025407
2577	2926.052358	55.560998	0.892297	1.509545	10.030196
2579	2928.141226	53.662765	0.988687	1.507309	9.405919
2581	2930.230092	56.053055	3.446771	1.518801	9.686546
2583	2932.319095	58.432672	1.047555	1.541989	9.758701
2585	2934.408383	58.442470	0.783189	1.542470	9.808124
2587	2936.497246	52.219305	0.675688	1.530583	9.775415
2589	2938.586137	58.041054	1.042173	1.541235	9.743956
2591	2940.675056	53.550457	0.546084	1.524465	9.831386
2593	2942.763885	53.970439	1.108342	1.510912	10.042774
2595	2944.852892	54.199888	0.885975	1.528329	9.456270
2597	2946.941505	52.967869	0.576754	1.526672	9.464410
2599	2949.031052	58.930200	0.763187	1.541612	9.706961
2601	2951.119374	57.901552	0.799748	1.541897	9.767168
2603	2953.208277	53.734861	0.613458	1.517273	9.684371
2605	2955.297795	51.164483	3.833493	1.508790	9.912755
2607	2957.386557	52.687253	0.638678	1.527562	9.771531
2609	2959.475538	54.569017	0.669721	1.525397	9.849323
2611	2961.564632	57.572762	1.093032	1.538195	9.637710
2613	2963.653575	57.984954	1.048018	1.541656	9.521863
2615	2965.742346	53.776354	0.581394	1.516791	9.925973
2617	2967.831193	53.494907	3.634833	1.518645	9.757579
2619	2969.920105	58.077233	0.862449	1.541067	9.747328
2621	2972.009144	53.690588	0.945383	1.511170	9.855370
2623	2974.098048	55.191477	3.356498	1.503858	9.864503
2625	2976.186974	57.208154	0.844317	1.539509	9.904710
2627	2978.275764	53.948530	0.549802	1.523826	9.691762
2629	2980.364961	57.736140	0.841659	1.539251	9.796603
2631	2982.453565	57.481556	1.156339	1.536854	9.805650
2633	2984.542594	58.944866	0.964156	1.541477	10.068396
2635	2986.631822	58.447837	1.153638	1.536851	9.992093
2637	2988.720551	58.207799	0.792283	1.539623	9.570606
2639	2990.809498	58.466314	0.907492	1.540297	9.970755
2641	2992.898787	57.663132	1.029366	1.539544	9.718830
2643	2994.987570	50.550561	0.904450	1.503307	9.913519
2645	2997.076600	53.488973	0.976675	1.503570	10.063382
2647	2999.165511	52.049596	3.679017	1.512599	10.225343
2649	3001.254289	53.410724	0.990144	1.505360	9.703099
2651	3003.342975	56.216549	3.106990	1.511832	10.021246
2653	3005.432421	58.672381	0.865866	1.539277	10.029289
2655	3007.521386	53.969750	0.561607	1.522531	9.757303
2657	3009.610204	58.178483	0.891323	1.538901	9.460907
2659	3011.699155	53.345915	0.594538	1.523788	9.880497
2661	3013.788279	58.180678	0.844392	1.544078	9.692524
2663	3015.877137	58.577865	0.913700	1.539731	9.934189
2665	3017.966126	53.677077	0.563128	1.523339	9.523275
2667	3020.055006	53.887801	0.715834	1.514405	10.113451
2669	3022.143535	56.109473	3.168221	1.510594	9.929826
2671	3024.233039	59.394282	1.122382	1.540401	9.681051
2673	3026.321829	55.601482	0.927177	1.506697	9.895250
2675	3028.410738	54.843644	3.377380	1.501890	9.887566
2677	3030.499408	58.266010	0.835577	1.539329	9.488338
2679	3032.588560	57.805612	0.870032	1.540331	9.888620
2681	3034.677624	55.489627	0.907967	1.506911	10.052663
2683	3036.766529	59.625301	3.119202	1.514212	9.755072
2685	3038.855429	54.794692	0.936292	1.504681	9.768478
2687	3040.944399	55.457098	3.365742	1.501692	9.840408
2689	3043.033232	55.254664	0.929966	1.506359	9.800543
2691	3045.122346	54.614488	0.976722	1.529806	9.774499
2693	3047.210799	58.501197	0.869359	1.539391	9.820794
2695	3049.300163	54.472207	1.028675	1.504066	9.766881
2697	3051.389242	53.278349	3.895041	1.510503	9.932385
2699	3053.478079	57.982867	0.970496	1.537732	9.772405
2701	3055.567069	53.645027	0.574756	1.521620	9.865099
2703	3057.656067	54.068980	0.624319	1.521886	9.680936
2705	3059.744923	59.455095	0.919990	1.537046	9.790214
2707	3061.833894	53.827998	0.639601	1.514799	9.437439
2709	3063.922683	53.988506	0.857306	1.511962	10.003274
2711	3066.011968	53.685669	1.035328	1.500093	9.945960
2713	3068.100843	54.078308	0.846093	1.512766	9.720229
2715	3070.189617	54.284229	0.968178	1.527844	10.151384
2717	3072.278990	54.151477	1.161554	1.517648	9.775979
2719	3074.367870	53.452962	1.072441	1.502495	10.028397
2721	3076.456562	55.136011	3.406639	1.501108	9.546019
2723	3078.545551	54.709739	0.997357	1.505259	9.606862
2725	3080.634422	56.282159	3.236745	1.509962	9.547406
2727	3082.723528	55.564415	0.956327	1.507125	9.521158
2729	3084.812662	53.775585	0.824348	1.512876	9.701697
2731	3086.901509	53.828313	0.947047	1.527009	9.540771
2733	3088.990235	57.979065	0.670370	1.538192	9.882502
2735	3091.079049	54.101475	0.590780	1.519132	9.652398
2737	3093.167571	58.013161	1.000685	1.537005	9.839510
2739	3095.257443	53.951557	0.754444	1.512457	9.729408
2741	3097.346222	53.812364	0.932463	1.527219	9.482955
2743	3099.435188	55.546137	0.956988	1.508624	9.552647
2745	3101.523860	54.044551	0.943243	1.526021	9.858939
2747	3103.612816	58.176921	0.921547	1.538956	9.613974
2749	3105.702510	54.506290	1.045877	1.502576	9.633607
2751	3107.791263	54.750519	3.996839	1.514721	9.976585
2753	3109.879409	57.925460	0.844927	1.539116	9.500392
2755	3111.968103	58.027413	1.059264	1.537243	9.853568
2757	3114.057439	57.757520	0.963030	1.533674	10.077650
2759	3116.146493	55.878613	0.970377	1.506564	9.764946
2761	3118.235361	53.909288	0.829952	1.511255	9.724940
2763	3120.324243	53.807020	0.969896	1.527513	9.882528
2765	3122.413651	57.746152	1.151318	1.534899	9.796584
2767	3124.502358	53.866777	0.738270	1.511556	9.742858
2769	3126.590900	53.550418	0.961237	1.528364	9.862782
2771	3128.680512	58.579075	0.958437	1.536943	9.778174
2773	3130.769417	58.376854	0.942023	1.536907	9.759251
2775	3132.858309	54.450481	1.006294	1.506070	9.837125
2777	3134.947302	56.292106	3.436493	1.502575	9.695516
2779	3137.035884	58.379004	0.980972	1.536667	10.058504
2781	3139.125137	58.036448	0.988098	1.534825	9.778649
2783	3141.214215	54.693965	0.953034	1.504855	9.754087
2785	3143.303379	53.043861	0.944903	1.497242	9.905719
2787	3145.392130	55.850625	3.460799	1.510190	9.783640
2789	3147.481062	58.299200	1.032042	1.537061	9.806271
2791	3149.569854	53.053713	0.628063	1.521763	9.988256
2793	3151.658909	53.737133	0.602113	1.519127	9.836250
2795	3153.747501	53.706294	0.553571	1.517877	10.033691
2797	3155.836646	53.928804	0.949690	1.506749	9.784003
2799	3157.925525	53.484174	1.082432	1.499034	9.933186
2801	3160.014285	53.857390	1.054319	1.501159	9.857809
2803	3162.103177	54.018862	3.930248	1.509123	9.737876
2805	3164.192059	58.827114	0.886611	1.539773	9.725621
2807	3166.281198	53.797453	0.699031	1.510824	10.134242
2809	3168.369664	53.910009	0.833196	1.510502	10.012352
2811	3170.459000	53.410434	0.903187	1.497287	10.010912
2813	3172.547953	53.935971	1.183455	1.502533	9.764851
2815	3174.636741	53.829718	3.406637	1.496163	9.785088
2817	3176.725687	58.420022	1.051617	1.536766	9.678727
2819	3178.814698	58.247253	0.926641	1.535448	9.818650
2821	3180.903789	57.362800	0.912698	1.536266	9.742840
2823	3182.992577	54.598825	0.989644	1.503692	9.652592
2825	3185.081769	56.138494	3.284549	1.508513	9.663784
2827	3187.170441	57.753175	0.749904	1.538789	9.618710
2829	3189.259649	57.318271	0.893746	1.535509	9.965953
2831	3191.348586	53.866262	1.017014	1.505827	9.560595
2833	3193.437271	53.728728	0.862960	1.509277	9.580610
2835	3195.526343	53.659098	1.056921	1.498013	10.066785
2837	3197.615236	54.632972	3.985482	1.510622	9.954895
2839	3199.704318	57.657742	0.881819	1.537211	9.961779
2841	3201.793408	58.149437	1.051915	1.534359	9.824019
2843	3203.882147	52.352967	0.939621	1.503003	10.017914
2845	3205.971075	55.691063	2.691423	1.506973	9.845032
2847	3208.059998	55.048593	1.115605	1.501588	9.869559
2849	3210.149035	53.906150	1.027384	1.499812	9.949423
2851	3212.238066	53.948610	0.847339	1.509460	9.482071
2853	3214.326973	53.776012	1.085495	1.499027	9.919235
2855	3216.415949	53.960223	0.979340	1.523937	9.632200
2857	3218.505121	54.183804	0.612549	1.516949	9.780277
2859	3220.593912	58.334007	0.895166	1.534788	10.041210
2861	3222.682997	53.839351	0.620447	1.518766	9.797005
2863	3224.771252	54.190689	0.654715	1.517292	9.917889
2865	3226.860469	57.961476	0.911693	1.534371	9.977464
2867	3228.949279	58.829328	1.035457	1.536621	9.995681
2869	3231.038719	53.637121	0.621699	1.518049	9.767169
2871	3233.127162	53.735485	0.737434	1.509364	10.134899
2873	3235.216074	53.920617	0.971672	1.522250	9.960386
2875	3237.306859	57.769439	0.990120	1.535789	9.888751
2877	3239.395125	52.890111	0.677834	1.519315	9.791828
2879	3241.484159	57.628456	0.822649	1.538411	10.005123
2881	3243.572994	57.593978	0.960600	1.533726	9.780177
2883	3245.662212	53.837381	0.576773	1.515312	9.654204
2885	3247.750492	53.599631	0.628213	1.517284	9.625113
2887	3249.839959	58.932321	0.889673	1.536450	9.263872
2889	3251.929033	58.399864	0.817910	1.535886	9.734537
2891	3254.017400	59.054662	0.723173	1.534188	9.538177
2893	3256.107200	53.945678	0.598891	1.515257	9.920616
2895	3258.195898	55.026109	0.978134	1.501075	9.877054
2897	3260.284837	52.763976	0.982762	1.494797	9.652658
2899	3262.373995	56.872999	3.062457	1.506672	9.856116
2901	3264.462689	54.962418	1.010897	1.501797	10.022175
2903	3266.551702	54.015243	0.852662	1.507623	10.107643
2905	3268.640530	56.796815	3.378686	1.499152	9.834613
2907	3270.729426	54.035176	0.737251	1.508344	9.408374
2909	3272.818460	54.040663	0.959819	1.497232	10.059273
2911	3274.907290	56.174354	3.398785	1.499533	9.648828
2913	3276.996285	53.679097	0.628428	1.516511	9.804186
2915	3279.085324	57.891578	1.001849	1.534175	9.499157
2917	3281.174162	57.648368	0.844393	1.535552	9.678553
2919	3283.262980	53.950251	0.797716	1.507497	9.863764
2921	3285.351896	56.669082	3.601019	1.512231	9.965468
2923	3287.440915	58.918236	1.125732	1.531248	9.656221
2925	3289.529939	55.042654	1.105625	1.498498	10.285592
2927	3291.618980	54.116002	0.980455	1.520787	9.673939
2929	3293.707988	53.111365	0.702849	1.518872	9.886526
2931	3295.796615	55.613328	1.008899	1.498201	9.889423
2933	3297.885447	53.707046	1.019832	1.495968	9.698382
2935	3299.974938	53.763101	1.137489	1.497663	10.157065
2937	3302.063508	56.384137	3.407225	1.500106	9.622681
2939	3304.152499	58.572877	0.823499	1.534499	9.984760
2941	3306.241518	54.510335	0.960301	1.500201	9.639431
2943	3308.330159	54.528646	3.739335	1.509879	9.707304
2945	3310.419252	57.772954	1.037158	1.533707	9.875194
2947	3312.508046	54.437795	1.091358	1.498020	9.993533
2949	3314.596950	55.075030	3.401856	1.506514	9.457149
2951	3316.686232	54.089326	0.611612	1.514547	9.498302
2953	3318.775048	53.687832	0.630872	1.515872	9.719382
2955	3320.864026	57.972392	0.809311	1.536144	9.768239
2957	3322.953040	52.934227	0.696152	1.517597	9.825525
2959	3325.042075	54.962405	0.972826	1.500550	9.502113
2961	3327.130877	53.838064	1.120423	1.498001	9.787929
2963	3329.219885	54.280136	3.947535	1.507953	9.713398
2965	3331.308494	58.193941	0.890307	1.535248	9.816266
2967	3333.397856	58.289998	1.050066	1.534745	9.840752
2969	3335.486184	54.195549	1.022556	1.501307	9.883844
2971	3337.575609	53.695591	0.996213	1.523268	10.091739
2973	3339.664402	53.769894	0.652510	1.515753	9.980075
2975	3341.753782	59.124602	1.024338	1.533852	9.983991
2977	3343.842034	53.700397	0.632562	1.514862	9.940070
2979	3345.931124	52.663215	1.072558	1.498472	9.839485
2981	3348.020102	53.933898	1.005345	1.521998	9.459815
2983	3350.109117	53.799249	0.605320	1.513197	9.990835
2985	3352.198510	54.081970	1.050740	1.499717	10.092338
2987	3354.286763	55.456888	3.428659	1.496638	9.718282
2989	3356.376312	57.778763	1.026444	1.532167	10.016759
2991	3358.465058	54.148210	1.074831	1.495378	9.987961
2993	3360.553752	56.788938	3.387450	1.497695	10.036410
2995	3362.642985	58.653464	1.012689	1.531047	9.705157
2997	3364.731693	54.816861	1.110490	1.497569	9.839444
2999	3366.821321	64.678213	3.386498	1.509723	10.289308
3001	3368.909660	57.970751	0.976149	1.530911	9.909064
3003	3370.998746	53.843530	0.634949	1.514782	9.885411
3005	3373.087792	57.598684	1.081599	1.530668	9.631408
3007	3375.176607	58.586805	0.865706	1.530026	9.793349
3009	3377.265601	54.711206	1.011637	1.500031	9.981716
3011	3379.354350	50.669397	3.375215	1.481233	9.945833
3013	3381.443340	55.689007	1.011533	1.499108	10.121149
3015	3383.532344	54.065810	0.987067	1.517973	10.063630
3017	3385.621227	58.013833	0.853443	1.531975	9.833067
3019	3387.710400	57.921342	0.932506	1.532335	9.818511
3021	3389.799339	58.258629	0.974349	1.532199	10.042571
3023	3391.887726	58.471757	1.100912	1.530253	9.957062
3025	3393.976863	58.328987	0.929968	1.530911	9.571207
3027	3396.065541	53.866525	0.620648	1.512941	9.878612
3029	3398.154769	53.617631	0.656350	1.514292	9.516486
3031	3400.243572	53.797328	0.681528	1.514209	9.975213
3033	3402.332640	53.282940	1.120820	1.499163	10.175320
3035	3404.421472	54.401433	1.002196	1.517426	9.645384
3037	3406.510245	53.033737	1.043166	1.495202	9.995082
3039	3408.599252	53.582076	0.986201	1.520294	9.850662
3041	3410.687828	57.940126	0.974269	1.531466	10.025812
3043	3412.777431	54.391969	1.035653	1.496448	10.150113
3045	3414.866211	54.668771	3.945732	1.504942	9.772010
3047	3416.955044	59.257963	1.175955	1.531889	9.992489
3049	3419.044024	52.200900	0.936032	1.500214	9.885915
3051	3421.133310	53.919508	0.993621	1.519049	9.744592
3053	3423.222018	57.730568	0.977306	1.527761	10.025098
3055	3425.311235	53.771616	0.599626	1.511361	9.754492
3057	3427.400136	54.742223	1.122327	1.495413	9.720284
3059	3429.489249	56.554543	3.453379	1.497109	9.698638
3061	3431.578066	57.495554	1.023028	1.529732	9.950061
3063	3433.667004	53.999121	0.582146	1.511615	9.937050
3065	3435.755619	55.514936	1.018231	1.496747	9.951168
3067	3437.845077	53.746180	0.892056	1.504415	9.860283
3069	3439.933831	51.962598	3.734247	1.502822	9.961324
3071	3442.022707	53.985259	0.651174	1.512240	9.705659
3073	3444.111987	54.166514	1.131486	1.495304	9.977812
3075	3446.200815	56.398577	3.447767	1.505618	9.680489
3077	3448.289552	55.457553	0.966725	1.496723	9.781838
3079	3450.378375	54.114161	1.004974	1.517807	9.862258
3081	3452.467229	54.042721	0.684747	1.512336	9.531736
3083	3454.556136	53.652990	1.098093	1.497505	9.679260
3085	3456.644767	53.882760	1.010218	1.518853	9.840522
3087	3458.733632	52.754358	0.752482	1.516237	9.420411
3089	3460.822843	58.178546	0.847477	1.528219	9.769125
3091	3462.911957	55.351973	1.180500	1.494913	9.812014
3093	3465.000919	54.202686	3.737232	1.506252	10.095891
3095	3467.089231	53.918331	0.625756	1.511886	9.866593
3097	3469.178485	54.269551	1.011118	1.499774	9.814416
3099	3471.267454	53.551369	1.155408	1.493589	9.896154
3101	3473.356149	54.871917	3.990703	1.505144	9.779737
3103	3475.445442	55.582830	0.963591	1.494020	9.616839
3105	3477.534300	54.261117	1.018652	1.517171	9.724037
3107	3479.623328	52.126875	0.908750	1.496676	9.940614
3109	3481.712488	55.254486	3.420812	1.493941	9.723430
3111	3483.801058	54.239925	1.085150	1.494359	9.683694
3113	3485.890209	53.562041	4.005918	1.503467	9.787991
3115	3487.979255	57.814886	0.990888	1.528663	10.075157
3117	3490.068212	53.147275	0.789113	1.514298	9.845292
3119	3492.157392	51.708387	0.983813	1.499463	9.961931
3121	3494.246353	53.760072	3.958097	1.502095	9.735139
3123	3496.335256	57.941842	1.138142	1.526657	9.703051
3125	3498.424082	57.452200	0.897983	1.530282	9.404963
3127	3500.512997	57.692252	0.824941	1.530803	9.970600
3129	3502.601878	58.748069	0.932307	1.529027	9.829118
3131	3504.691189	52.971408	0.700746	1.512692	9.895750
3133	3506.779964	53.811917	0.631391	1.511360	10.079260
3135	3508.869239	58.008174	0.958492	1.530528	9.782463
3137	3510.957781	58.957094	1.071260	1.528523	9.674214
3139	3513.046659	54.032913	0.618442	1.509169	9.932283
3141	3515.135778	54.645875	1.108392	1.494331	9.726813
3143	3517.224835	53.866453	1.031041	1.519141	9.480504
3145	3519.313161	58.174635	0.797989	1.530931	9.560693
3147	3521.402388	53.864855	0.625117	1.509887	9.854139
3149	3523.491330	53.942510	1.130571	1.494917	9.896770
3151	3525.580245	54.438277	4.014758	1.503079	9.955008
3153	3527.669179	54.411466	1.110544	1.493036	9.610725
3155	3529.757791	53.871815	1.118881	1.492944	9.823995
3157	3531.846900	53.741906	1.034347	1.519462	9.342830
3159	3533.935839	53.709564	0.840332	1.502827	10.060420
3161	3536.024642	55.635912	3.447624	1.494220	9.679214
3163	3538.113965	52.814532	0.738049	1.514749	9.945089
3165	3540.202609	58.599154	1.030238	1.529566	9.803880
3167	3542.291643	57.606118	0.956255	1.529921	9.443093
3169	3544.380628	53.423374	0.727475	1.512758	9.684286
3171	3546.469653	55.865559	1.052162	1.498311	9.834906
3173	3548.558841	53.797226	3.974240	1.501482	9.952430
3175	3550.647935	58.096983	0.972690	1.526540	9.571353
3177	3552.736614	57.401248	0.774767	1.533567	9.823622
3179	3554.825672	57.161450	0.745255	1.530613	9.795064
3181	3556.914256	53.852392	0.818125	1.502616	9.748526
3183	3559.003230	52.375801	3.987849	1.498256	9.693424
3185	3561.092832	58.220419	1.225463	1.525249	9.846146
3187	3563.181451	52.897056	0.727696	1.514385	9.871951
3189	3565.270457	59.211782	1.065064	1.527466	9.917765
3191	3567.359353	58.583945	1.171134	1.524894	9.961280
3193	3569.448173	53.924412	0.769638	1.502919	9.951370
3195	3571.537184	59.157649	3.259556	1.501352	9.910009
3197	3573.626119	58.224689	0.994937	1.528266	9.610758
3199	3575.714764	53.441521	0.700933	1.510971	9.929202
3201	3577.803818	54.291793	0.970629	1.491901	10.052802
3203	3579.892733	54.130790	1.055603	1.519216	9.691081
3205	3581.981724	53.931164	0.797285	1.502046	9.843348
3207	3584.070727	54.006824	0.890309	1.501458	9.626886
3209	3586.159393	53.247672	1.142055	1.489713	9.869607
3211	3588.248164	53.229646	3.547044	1.499388	9.835987
3213	3590.337481	55.651480	0.986180	1.493033	9.850086
3215	3592.426654	54.025545	1.054442	1.516523	9.813067
3217	3594.514814	53.680630	1.112156	1.493725	9.946681
3219	3596.604425	55.595292	3.442142	1.493191	9.872881
3221	3598.693244	53.177752	0.768605	1.513758	9.958323
3223	3600.782436	53.996935	1.101732	1.492518	9.776673
3225	3602.871368	52.319025	3.403434	1.483920	10.085332
3227	3604.960234	58.981060	1.100039	1.526311	9.711851
3229	3607.049219	58.314496	0.991027	1.527664	9.871284
3231	3609.138368	53.856068	1.162397	1.493971	9.675751
3233	3611.226575	54.177609	1.032252	1.515574	10.109584
3235	3613.315774	54.389893	1.145793	1.491864	9.622015
3237	3615.405120	51.760226	1.035190	1.484939	9.625579
3239	3617.494076	53.701165	1.068870	1.489568	9.682037
3241	3619.583036	56.402797	3.445866	1.494416	9.846280
3243	3621.671634	59.418087	1.159560	1.524916	9.726822
3245	3623.761170	56.091683	1.050964	1.495719	9.997497
3247	3625.849545	56.307555	3.453314	1.502019	9.995539
3249	3627.938827	50.494214	1.037746	1.489780	10.024387
3251	3630.027382	54.000144	0.903499	1.500548	9.890786
3253	3632.116265	54.261745	1.071990	1.518929	9.538737
3255	3634.205362	57.812853	1.016208	1.527925	9.793720
3257	3636.294225	58.135565	0.841319	1.529412	10.189084
3259	3638.383303	58.151986	0.919381	1.525645	9.694681
3261	3640.471943	58.946339	0.952319	1.528231	9.936886
3263	3642.560834	58.407484	1.368838	1.523938	9.865437
3265	3644.649616	58.048422	0.984349	1.527315	9.920774
3267	3646.738852	58.568236	1.063204	1.528592	10.060863
3269	3648.827583	53.560024	0.685541	1.509235	9.539964
3271	3650.916490	53.693842	0.681369	1.508146	10.034073
3273	3653.005641	54.595718	0.987100	1.492950	9.871738
3275	3655.094628	53.987510	1.033527	1.514323	9.625416
3277	3657.183401	54.758187	1.182246	1.495054	9.525908
3279	3659.272749	53.066177	1.076432	1.488090	9.750191
3281	3661.361701	53.002925	1.090075	1.487599	9.813701
3283	3663.450914	54.935879	3.424939	1.489422	9.666064
3285	3665.539727	58.423702	1.161629	1.524791	9.596945
3287	3667.628416	57.957945	0.939670	1.527244	9.480417
3289	3669.717403	53.982812	0.625975	1.506625	9.651285
3291	3671.806038	57.941176	0.991554	1.526534	9.818268
3293	3673.895157	53.685029	0.721742	1.507889	10.161712
3295	3675.984254	57.803692	1.039742	1.526037	9.616287
3297	3678.073251	59.540947	1.017095	1.527966	9.784257
3299	3680.162400	54.198797	1.015860	1.493545	10.067224
3301	3682.251045	54.124139	1.018266	1.512745	9.610506
3303	3684.340128	57.947356	0.825462	1.526944	9.885363
3305	3686.429010	57.524303	1.059076	1.523532	10.110143
3307	3688.517884	53.669355	1.099165	1.489946	9.987497
3309	3690.606790	53.902791	1.154612	1.489668	10.118264
3311	3692.695569	52.649239	3.773247	1.499063	9.984858
3313	3694.784458	57.812577	1.022169	1.524632	9.913950
3315	3696.873328	53.668473	1.099108	1.493166	9.995271
3317	3698.962183	54.141180	1.040884	1.512887	9.803842
3319	3701.051221	52.736483	0.762052	1.510208	10.117517
3321	3703.139973	58.226661	1.052521	1.524803	9.537824
3323	3705.228956	53.556815	1.140681	1.489680	9.804613
3325	3707.318023	54.934738	3.826252	1.500132	10.025441
3327	3709.407021	55.209066	1.036518	1.491645	9.841208
3329	3711.495939	54.100675	1.098362	1.516571	9.347804
3331	3713.584524	54.551206	1.146405	1.490541	9.969703
3333	3715.673958	54.062535	1.034073	1.511646	10.038383
3335	3717.762570	54.675021	0.686918	1.506745	9.743148
3337	3719.851774	54.834970	1.143098	1.490072	9.812441
3339	3721.941036	56.495553	3.459731	1.500328	9.809772
3341	3724.029407	58.160534	1.032804	1.523665	9.946274
3343	3726.118783	57.651210	1.013153	1.522432	9.959761
3345	3728.207526	54.341517	1.138128	1.488691	9.858237
3347	3730.296602	55.614363	3.475405	1.490318	9.580109
3349	3732.385573	54.056604	1.133833	1.488463	9.895179
3351	3734.474371	53.271319	3.748565	1.499602	9.724328
3353	3736.563641	58.502095	0.803838	1.526258	9.693581
3355	3738.652398	53.877771	0.833925	1.499156	9.545442
3357	3740.741343	54.566512	1.082419	1.513420	9.760499
3359	3742.830151	57.633036	0.774129	1.525658	9.697100
3361	3744.919125	57.407790	0.853962	1.528147	10.039391
3363	3747.007847	58.545750	0.992198	1.524699	9.784916
3365	3749.096988	54.016328	0.873562	1.498986	9.522756
3367	3751.185640	53.745903	1.191554	1.489438	9.776990
3369	3753.274659	58.437384	3.284616	1.498318	9.748545
3371	3755.363542	55.356721	1.076448	1.492255	10.012192
3373	3757.452451	53.352684	1.184809	1.487294	9.973019
3375	3759.541416	53.335029	4.065997	1.497291	10.066384
3377	3761.630548	52.855713	1.136298	1.489865	9.793280
3379	3763.719143	59.261173	3.283708	1.497612	9.742072
3381	3765.808059	54.926969	1.031041	1.492334	9.766867
3383	3767.897219	54.250741	1.079745	1.513427	9.738033
3385	3769.986057	57.871017	1.040447	1.525333	9.625747
3387	3772.075060	52.706315	0.773520	1.509208	9.927157
3389	3774.164110	53.841323	0.720973	1.506352	10.124664
3391	3776.253062	53.963222	0.693487	1.505985	9.944493
3393	3778.341930	53.502618	0.737683	1.507304	9.943491
3395	3780.430750	54.426360	1.137341	1.489225	9.991821
3397	3782.519686	53.953937	1.194003	1.488431	9.491557
3399	3784.608894	53.764971	0.952483	1.498107	9.811792
3401	3786.697798	53.609173	1.054057	1.514189	9.742232
3403	3788.786646	57.630133	1.123414	1.522070	9.651855
3405	3790.875747	53.151924	0.720654	1.507979	9.332376
3407	3792.964936	54.929042	1.171447	1.488289	10.016721
3409	3795.053518	53.483788	1.116952	1.486001	10.009926
3411	3797.142663	51.868620	3.778086	1.493970	9.940760
3413	3799.231487	57.670743	1.047546	1.522460	9.816028
3415	3801.320551	55.703653	1.010045	1.488628	10.071666
3417	3803.409601	64.440319	3.341039	1.499017	9.699105
3419	3805.498264	57.378946	0.897823	1.524837	9.657956
3421	3807.586890	57.591723	0.953115	1.523447	9.863432
3423	3809.676196	58.205834	1.039896	1.522101	9.995856
3425	3811.765223	57.956799	1.021749	1.521956	9.662134
3427	3813.853745	54.509052	1.161484	1.487689	10.192034
3429	3815.942894	53.556511	1.148160	1.486761	9.762984
3431	3818.031842	53.986736	1.184662	1.488248	9.756671
3433	3820.120894	54.828473	3.265613	1.492160	10.020126
3435	3822.209711	58.284005	1.130583	1.522155	10.065192
3437	3824.298622	53.878182	0.868887	1.497500	9.805592
3439	3826.387269	54.593656	1.031784	1.487594	9.703448
3441	3828.476391	53.862024	1.070028	1.512749	9.860304
3443	3830.565393	59.234872	1.187243	1.524821	9.884896
3445	3832.653948	53.917426	0.831134	1.498075	9.807738
3447	3834.743100	52.670440	3.423326	1.479687	9.599225
3449	3836.831576	57.960242	1.249824	1.522638	9.774716
3451	3838.921190	53.963151	0.834500	1.498037	9.506475
3453	3841.010036	56.565938	3.479213	1.490840	9.914777
3455	3843.099087	54.274375	1.162065	1.487596	9.886888
3457	3845.187699	53.899659	0.968935	1.496807	9.872813
3459	3847.276853	53.623849	1.197302	1.486645	9.778151
3461	3849.365953	53.716974	1.188118	1.487143	9.652868
3463	3851.454509	53.738757	1.182659	1.487136	9.766474
3465	3853.543731	53.649295	1.198781	1.487354	10.089681
3467	3855.632570	53.190460	1.071912	1.515178	9.489805
3469	3857.721760	55.557762	1.086879	1.488932	9.885401
3471	3859.810517	54.199958	1.078998	1.511109	9.939471
3473	3861.899707	53.943269	0.665960	1.504317	9.627338
3475	3863.988473	53.423787	0.754496	1.506501	9.881214
3477	3866.077557	59.151970	1.209743	1.521045	10.046028
3479	3868.166515	58.443308	1.016839	1.522510	9.995518
3481	3870.255509	58.352630	1.102936	1.520479	9.767066
3483	3872.344535	53.832418	0.789366	1.498220	9.654146
3485	3874.433077	54.237828	3.859782	1.497274	9.787026
3487	3876.522265	53.369708	0.765828	1.506133	9.694430
3489	3878.610945	57.944428	1.124775	1.520272	9.724820
3491	3880.699958	54.463864	1.173084	1.486876	9.486345
3493	3882.788511	53.895281	1.062177	1.512501	9.793614
3495	3884.877842	55.290123	1.127484	1.492144	9.430297
3497	3886.966757	53.766247	1.176947	1.486860	10.078329
3499	3889.055521	53.486830	0.992528	1.482806	9.508602
3501	3891.144769	56.408630	4.087579	1.498446	9.898690
3503	3893.232852	53.680155	1.191575	1.487933	9.781255
3505	3895.322859	56.504419	3.488018	1.489953	9.624244
3507	3897.411530	58.346711	1.031876	1.522162	10.054478
3509	3899.500334	53.773132	0.680265	1.503761	9.952233
3511	3901.589309	58.138486	1.032637	1.524004	9.638158
3513	3903.678307	53.964439	0.691179	1.503959	9.945818
3515	3905.766979	58.599986	1.047242	1.520107	9.606824
3517	3907.856126	54.407589	1.188816	1.486765	10.004097
3519	3909.945059	53.441080	4.029679	1.493363	9.995533
3521	3912.034283	57.645921	1.157264	1.520928	9.378097
3523	3914.122880	58.789061	0.973835	1.524124	9.716357
3525	3916.211989	58.365877	1.113587	1.522632	9.746192
3527	3918.301062	57.812718	0.875097	1.523576	10.005121
3529	3920.389618	58.624947	1.110407	1.524656	9.726393
3531	3922.479135	58.588791	1.269866	1.524101	9.570511
3533	3924.567985	58.774898	1.128022	1.521503	9.808539
3535	3926.656458	54.384925	1.081977	1.483493	9.904603
3537	3928.745624	53.508604	1.083834	1.483418	9.848803
3539	3930.834426	53.473538	1.192355	1.484421	9.598396
3541	3932.923372	53.544093	1.226420	1.485076	9.761064
3543	3935.012376	53.762004	0.968444	1.495290	9.919441
3545	3937.101183	54.093963	1.034190	1.484237	9.523541
3547	3939.190258	54.226732	4.047111	1.494718	9.503599
3549	3941.279055	57.844180	1.103291	1.522750	9.573112
3551	3943.367739	54.043899	1.171383	1.485284	10.016075
3553	3945.457010	57.944441	3.273835	1.495866	9.543143
3555	3947.545912	53.665202	0.711204	1.504349	9.920349
3557	3949.634609	57.800173	1.035590	1.522661	9.706710
3559	3951.723612	55.438708	1.075668	1.487103	9.747568
3561	3953.812538	54.725809	4.048582	1.496321	9.767784
3563	3955.901572	58.463407	0.918843	1.519195	9.976349
3565	3957.990169	54.839351	1.211011	1.488275	9.764871
3567	3960.079337	54.276568	3.838840	1.498720	9.761270
3569	3962.168271	53.780919	0.828007	1.495516	9.999842
3571	3964.256978	56.643303	3.460738	1.489007	9.917040
3573	3966.346058	53.234386	0.723005	1.505052	9.690098
3575	3968.435718	57.859923	1.153333	1.521597	9.945078
3577	3970.524339	58.807427	1.131098	1.522750	9.741754
3579	3972.613081	53.094262	0.791510	1.506742	9.872292
3581	3974.702353	57.998919	1.079509	1.520905	9.848113
3583	3976.790990	57.771189	1.145791	1.519073	9.729914
3585	3978.880028	54.529486	1.212590	1.490681	9.881218
3587	3980.969118	53.510855	1.065933	1.510625	9.959000
3589	3983.057726	55.513746	1.095907	1.486333	9.715186
3591	3985.147100	53.855266	1.156015	1.484104	9.723096
3593	3987.235920	53.132918	1.167144	1.482348	9.843736
3595	3989.324733	55.085924	2.692798	1.492532	9.640051
3597	3991.413393	58.944257	0.855639	1.520411	9.954833
3599	3993.502527	57.843577	1.082512	1.522109	9.954569
3601	3995.591596	53.298215	0.750696	1.505012	10.002316
3603	3997.680508	54.417077	1.182504	1.485186	9.678164
3605	3999.769471	54.123752	1.059963	1.508087	9.813296
3607	4001.858371	53.936067	0.806542	1.495354	9.950033
3609	4003.947172	56.388202	3.436153	1.486244	9.955143
3611	4006.036137	57.607082	0.896479	1.521515	9.764922
3613	4008.125226	53.957210	0.713427	1.502444	9.570983
3615	4010.214151	54.210753	0.670625	1.500471	9.636541
3617	4012.303086	53.945408	1.164702	1.484323	9.757184
3619	4014.391968	54.067734	1.069481	1.508955	9.870321
3621	4016.481021	58.822295	0.985739	1.521269	9.563657
3623	4018.569920	55.091460	1.065747	1.487293	10.088240
3625	4020.658945	56.223510	2.719485	1.495072	9.932437
3627	4022.747672	53.779774	1.166612	1.485729	9.780858
3629	4024.836301	57.822913	3.194536	1.493501	10.013775
3631	4026.925469	56.062624	1.087923	1.487209	9.964069
3633	4029.014683	53.578009	1.158306	1.481910	9.775932
3635	4031.103520	54.888323	4.056159	1.493322	9.882823
3637	4033.192622	53.086039	0.778704	1.504858	9.993939
3639	4035.281798	58.443082	1.120698	1.520438	9.388682
3641	4037.370547	58.618732	1.116340	1.522191	10.050966
3643	4039.459383	55.202064	1.111683	1.488499	9.728689
3645	4041.548425	54.340151	1.099498	1.510187	9.939075
3647	4043.637157	57.653127	0.915387	1.521466	9.764383
3649	4045.726428	53.427139	0.726741	1.504059	9.781668
3651	4047.815142	52.721578	0.778289	1.505094	9.976264
3653	4049.904220	53.937862	1.200320	1.484865	9.739108
3655	4051.993148	61.521483	3.389778	1.499329	9.584052
3657	4054.082237	54.196085	0.748800	1.502429	9.624377
3659	4056.170926	53.673445	0.662767	1.501294	9.804999
3661	4058.259923	53.532813	0.746258	1.503637	9.578376
3663	4060.348891	57.602012	0.967176	1.519903	10.033084
3665	4062.437634	53.501769	1.193921	1.484491	9.615073
3667	4064.526853	57.638599	3.202160	1.492422	9.659822
3669	4066.615755	58.028321	1.120195	1.517097	9.715369
3671	4068.704296	54.066357	0.688305	1.500985	9.431272
3673	4070.793684	55.930631	1.061681	1.485165	9.451221
3675	4072.882253	51.973107	3.435497	1.475194	9.996646
3677	4074.971341	53.843655	0.809501	1.494420	9.787363
3679	4077.060301	54.948617	4.122345	1.495503	9.597543
3681	4079.149317	53.994852	0.851249	1.494610	9.792335
3683	4081.238306	56.390814	2.895794	1.494727	9.679435
3685	4083.326970	58.550698	0.864053	1.521506	9.858618
3687	4085.416095	53.923755	0.842718	1.493999	10.125459
3689	4087.505110	54.056362	1.235314	1.484091	9.799173
3691	4089.593937	54.046203	3.465172	1.481305	9.877311
3693	4091.683105	56.268860	1.142213	1.489068	9.752084
3695	4093.772030	56.168411	2.988892	1.493496	9.543266
3697	4095.860689	52.738561	0.830589	1.504410	10.145875
3699	4097.949610	53.582385	0.715525	1.502850	9.741035
3701	4100.038798	57.885918	0.991688	1.519620	10.028893
3703	4102.127473	53.292427	0.728352	1.502232	9.702594
3705	4104.216457	58.932679	1.040776	1.519256	9.770050
3707	4106.305450	53.669453	0.752525	1.503021	9.907515
3709	4108.394328	53.948700	0.824006	1.493970	9.825969
3711	4110.483399	54.245259	1.089689	1.507059	9.903587
3713	4112.572307	53.847193	0.853250	1.493602	9.724432
3715	4114.661422	54.285060	1.153487	1.483154	10.002063
3717	4116.750363	56.135898	2.787464	1.493547	9.864808
3719	4118.839217	57.678330	1.063190	1.519371	10.039250
3721	4120.928214	58.140137	1.116129	1.520064	9.877396
3723	4123.016839	57.655887	1.065364	1.519373	9.692954
3725	4125.105832	54.016869	0.713392	1.501301	9.994635
3727	4127.194983	55.498111	1.095596	1.485291	9.600235
3729	4129.283654	54.689886	4.074645	1.492443	9.939631
3731	4131.372897	58.033603	1.061904	1.518918	9.977617
3733	4133.461801	53.876964	0.881323	1.493241	9.387843
3735	4135.550604	55.646896	3.847161	1.496292	9.785964
3737	4137.639603	53.875345	0.751442	1.501543	9.733023
3739	4139.728504	53.927184	0.785182	1.494696	9.661741
3741	4141.817475	53.800099	3.444982	1.478594	9.913158
3743	4143.906623	57.329398	0.920676	1.517841	9.862175
3745	4145.995476	53.980914	0.697139	1.499967	9.633729
3747	4148.084565	59.110122	1.034367	1.518464	9.546887
3749	4150.172952	58.549305	1.104007	1.518839	9.734513
3751	4152.262189	58.283480	1.077651	1.519177	9.657646
3753	4154.351012	57.722188	1.085016	1.518042	9.801875
3755	4156.440247	53.888227	0.846951	1.493658	10.272876
3757	4158.528899	59.514843	3.366718	1.493872	9.901673
3759	4160.617806	54.518735	1.227303	1.485110	9.515033
3761	4162.706989	56.550183	3.483753	1.485327	9.567324
3763	4164.795730	59.085650	1.006881	1.518106	9.912089
3765	4166.884972	58.734704	0.849786	1.516214	9.529872
3767	4168.973857	58.067020	1.205326	1.516259	10.035928
3769	4171.062734	53.879690	0.875707	1.492815	9.882016
3771	4173.151447	53.474392	1.226443	1.481739	9.373667
3773	4175.240574	55.950084	3.248486	1.489400	9.942881
3775	4177.329059	53.473800	0.755885	1.502949	10.033190
3777	4179.418197	52.723124	1.186442	1.481778	9.456354
3779	4181.507429	56.230640	3.455317	1.483733	9.549335
3781	4183.596376	59.007685	1.141270	1.518354	10.012936
3783	4185.685258	59.326942	1.139882	1.519567	9.587477
3785	4187.773911	55.756482	1.095393	1.485083	9.932970
3787	4189.862950	53.984200	1.082343	1.507325	9.685018
3789	4191.951484	57.689828	1.022115	1.518806	9.870384
3791	4194.041080	54.012154	0.688886	1.499436	9.538600
3793	4196.129765	54.138975	0.712589	1.499007	9.783385
3795	4198.218703	53.817400	1.203390	1.483655	9.864014
3797	4200.307467	53.965091	1.093415	1.506881	9.753513
3799	4202.396732	58.519338	0.634624	1.524600	9.707844
3801	4204.485346	58.844029	1.104976	1.517106	10.159204
3803	4206.574266	52.970372	0.842123	1.502283	9.791419
3805	4208.663365	53.005715	0.790060	1.502627	9.759360
3807	4210.752293	58.268872	0.903132	1.517336	9.535956
3809	4212.841380	57.936868	1.041279	1.519321	9.554196
3811	4214.930315	53.930782	0.847688	1.492898	9.935048
3813	4217.019136	54.201227	1.217931	1.482778	9.942705
3815	4219.108369	53.835743	1.144873	1.510870	9.807046
3817	4221.196974	58.747740	1.206213	1.516743	10.170974
3819	4223.286257	55.656043	1.098197	1.486221	9.731897
3821	4225.375065	53.929140	1.071833	1.480505	9.751548
3823	4227.464128	53.744469	0.994823	1.492316	10.186108
3825	4229.553111	53.985433	1.103639	1.507033	9.599977
3827	4231.642089	54.989285	1.159553	1.484669	9.843877
3829	4233.730760	54.202466	1.102304	1.506277	9.955245
3831	4235.819786	58.869328	1.196741	1.516400	9.701189
3833	4237.908578	54.433848	1.203202	1.483180	9.646117
3835	4239.997358	57.916541	3.216645	1.490626	10.216707
3837	4242.086513	59.116984	1.034307	1.520732	9.926280
3839	4244.175236	58.880895	1.082795	1.518996	9.663364
3841	4246.264144	57.460812	1.086029	1.520712	9.614003
3843	4248.353157	57.974376	1.168554	1.519180	10.278402
3845	4250.442067	54.418193	1.196771	1.483331	9.518493
3847	4252.530586	51.373290	3.865738	1.488826	9.847538
3849	4254.620100	57.674498	1.098187	1.519185	10.071424
3851	4256.708908	53.005285	0.841138	1.502867	9.736387
3853	4258.797470	52.894185	0.830385	1.502156	9.550810
3855	4260.886633	53.830586	0.716487	1.499686	9.675489
3857	4262.975703	58.396584	1.024352	1.519013	9.538021
3859	4265.064308	53.014610	1.183397	1.481983	9.730351
3861	4267.153605	54.276479	4.085969	1.491738	10.077873
3863	4269.242258	53.554848	1.053466	1.486626	9.733310
3865	4271.331411	53.184529	3.807570	1.491200	9.943517
3867	4273.420222	54.543324	1.231586	1.482019	9.656276
3869	4275.508916	53.983364	1.195684	1.481422	9.954696
3871	4277.598296	54.271825	4.094730	1.491687	9.703830
3873	4279.687189	55.594265	1.098122	1.482824	9.617034
3875	4281.776376	54.629813	3.903980	1.493339	9.794500
3877	4283.865544	57.879812	1.081971	1.516134	9.792781
3879	4285.954372	52.470344	1.188855	1.479969	10.093128
3881	4288.043084	65.193871	3.429006	1.496236	9.440965
3883	4290.131792	58.298549	0.974222	1.519827	9.661287
3885	4292.220666	57.968517	1.160770	1.513107	9.712120
3887	4294.310101	57.089034	0.797642	1.514533	9.729838
3889	4296.399193	55.246481	1.164337	1.485649	9.869238
3891	4298.488055	53.899374	1.192610	1.481673	9.867759
3893	4300.577104	56.152612	2.865368	1.491893	9.632965
3895	4302.665789	54.007773	1.253132	1.484460	10.007630
3897	4304.754879	54.255244	4.089445	1.490808	9.791462
3899	4306.843665	53.926652	0.895597	1.491438	9.465466
3901	4308.932758	53.844390	1.182440	1.480197	9.794061
3903	4311.021516	54.043636	1.094537	1.505076	9.830876
3905	4313.110462	52.712415	1.172134	1.480913	9.607821
3907	4315.199368	53.264384	1.138201	1.477867	9.872752
3909	4317.288031	53.105399	3.135901	1.492673	10.088390
3911	4319.377162	58.279967	1.277656	1.517163	9.928027
3913	4321.466183	57.745243	0.965781	1.520404	10.020583
3915	4323.554777	54.773623	1.270871	1.481989	9.978144
3917	4325.643648	54.435593	1.117763	1.504707	9.425916
3919	4327.732780	58.308768	1.148365	1.517858	9.792016
3921	4329.821952	53.592779	1.202401	1.481718	9.843632
3923	4331.910818	53.869231	1.204455	1.480922	9.886033
3925	4333.999679	53.608861	4.109241	1.487317	9.716643
3927	4336.088693	55.532729	1.108005	1.482393	10.074488
3929	4338.177714	53.601840	1.284412	1.481584	9.795785
3931	4340.266734	54.142295	3.915649	1.496405	9.460504
3933	4342.355576	57.374055	1.034792	1.515021	9.454833
3935	4344.444406	58.751294	1.008346	1.514790	9.587531
3937	4346.533415	53.906569	0.733309	1.498810	9.816820
3939	4348.622762	57.475183	0.916643	1.514607	9.755661
3941	4350.711688	58.258522	1.070226	1.516734	10.025167
3943	4352.800585	59.010551	1.179968	1.515929	9.683785
3945	4354.889761	59.123132	1.141817	1.515130	9.544206
3947	4356.978330	53.941617	0.735554	1.497896	9.954602
3949	4359.067472	54.554446	1.261873	1.480633	9.273331
3951	4361.156403	53.677142	3.769010	1.491074	9.820574
3953	4363.244858	58.547369	1.103662	1.517515	10.132137
3955	4365.334169	53.733448	0.848872	1.491692	10.033063
3957	4367.423084	54.172608	1.150769	1.506226	9.495019
3959	4369.511987	57.544600	1.075579	1.517298	10.011926
3961	4371.600844	55.136159	1.112589	1.484486	9.948418
3963	4373.689432	53.821024	1.216789	1.480285	9.855733
3965	4375.778209	54.006637	1.008436	1.490637	9.892155
3967	4377.867315	56.258817	2.782227	1.491343	9.735302
3969	4379.956287	54.170428	1.212410	1.479892	9.965980
3971	4382.045379	53.712522	1.128158	1.507134	9.919576
3973	4384.134502	57.961271	1.204836	1.515460	9.668294
3975	4386.223081	53.286166	1.215294	1.480146	9.667858
3977	4388.311880	53.774171	1.265768	1.480635	9.417081
3979	4390.401111	53.847059	1.033813	1.477220	10.196632
3981	4392.490105	52.876048	1.193092	1.476929	9.808235
3983	4394.578732	53.815272	1.252525	1.480455	9.909816
3985	4396.667917	54.132898	1.116796	1.503825	9.849869
3987	4398.756699	54.107102	0.798304	1.499039	10.010124
3989	4400.845799	53.458875	0.776311	1.499210	10.123593
3991	4402.934920	54.644658	1.221558	1.482033	9.550323
3993	4405.023506	58.009289	3.227918	1.489226	9.779321
3995	4407.112676	57.576298	1.114288	1.518346	9.850937
3997	4409.201948	53.735250	0.735231	1.499438	9.713633
3999	4411.290682	58.844696	1.107344	1.514783	9.493866
4001	4413.379729	53.608947	0.800585	1.498715	9.913915
4003	4415.468775	58.980683	1.119291	1.516032	9.778526
4005	4417.557456	54.904684	1.085050	1.485330	9.904896
4007	4419.646341	53.317213	1.198234	1.478443	9.777450
4009	4421.735405	53.994481	0.999977	1.489824	9.707554
4011	4423.824147	60.217481	3.243579	1.497340	9.743121
4013	4425.912586	55.098871	1.130449	1.483910	10.048486
4015	4428.001879	52.347904	1.149107	1.475163	9.654235
4017	4430.090781	56.688509	3.507997	1.484424	10.213456
4019	4432.179350	59.145577	1.013519	1.518915	9.680718
4021	4434.268839	52.810729	1.203090	1.480697	9.853455
4023	4436.357705	53.682474	1.232230	1.479563	9.893200
4025	4438.446243	56.095083	3.263178	1.487261	10.149297
4027	4440.535432	58.735737	1.165845	1.519058	10.071616
4029	4442.624135	53.739479	0.714016	1.496896	9.558133
4031	4444.713262	53.116443	1.217354	1.481278	9.903201
4033	4446.802056	53.669079	1.065801	1.476735	10.101481
4035	4448.891353	53.957203	1.224528	1.480117	9.799542
4037	4450.980069	53.823628	1.020841	1.489215	9.824461
4039	4453.069024	54.812512	3.395431	1.474446	9.723419
4041	4455.158168	53.991213	1.232288	1.479683	10.098312
4043	4457.247128	56.278787	2.787357	1.490560	9.638156
4045	4459.335958	53.697269	0.759103	1.498476	9.618075
4047	4461.425244	53.805447	1.111303	1.483584	9.769607
4049	4463.514212	56.163836	3.271070	1.487399	10.134088
4051	4465.603359	58.669236	1.179240	1.514987	10.009914
4053	4467.692251	54.435300	1.282713	1.482340	10.113879
4055	4469.781046	54.346825	1.129151	1.503363	10.132216
4057	4471.870001	54.050564	0.743553	1.496331	9.698589
4059	4473.958987	57.906320	1.058197	1.514657	9.920133
4061	4476.047884	54.476247	1.211231	1.479273	9.704462
4063	4478.136802	58.925803	3.252550	1.486259	9.831302
4065	4480.225870	53.814714	0.902260	1.490142	9.873908
4067	4482.314464	55.381753	4.150394	1.490736	9.935766
4069	4484.403337	53.263142	0.765880	1.499040	9.734873
4071	4486.492244	58.918124	1.170351	1.515504	9.445473
4073	4488.581175	58.190794	1.068823	1.515545	9.993948
4075	4490.670015	57.255028	0.885552	1.516412	9.764911
4077	4492.758837	54.384891	1.219172	1.479876	9.932061
4079	4494.847889	54.245082	1.142940	1.501947	9.402538
4081	4496.936530	58.383654	1.098272	1.515395	9.820147
4083	4499.025502	54.103238	1.239269	1.481609	9.912108
4085	4501.114879	51.959992	3.851890	1.483754	9.914480
4087	4503.202680	59.350944	1.248786	1.518182	9.757393
4089	4505.292304	58.122158	1.201555	1.514976	9.839101
4091	4507.381476	54.255674	1.218529	1.479047	9.634704
4093	4509.470570	53.830643	1.010311	1.490048	10.036768
4095	4511.559168	54.017823	1.016353	1.489737	9.667694
4097	4513.648557	54.164212	1.130223	1.503652	9.855104
4099	4515.737333	54.394434	1.264158	1.481520	9.715176
4101	4517.826069	53.930175	1.122030	1.502115	9.528451
4103	4519.915214	53.942214	0.892232	1.489986	10.067667
4105	4522.004273	53.387027	3.845008	1.489754	9.770820
4107	4524.092731	58.547265	1.289377	1.512438	9.873800
4109	4526.182159	53.756851	1.269603	1.480764	10.257044
4111	4528.271105	53.975062	1.267590	1.478637	9.670788
4113	4530.360639	53.901326	1.015083	1.489494	9.747417
4115	4532.448489	56.277317	3.956034	1.492913	10.330342
4117	4534.537817	53.711332	1.237068	1.480079	9.723541
4119	4536.626937	56.057394	3.271744	1.486080	9.622837
4121	4538.715520	58.456677	1.118167	1.516064	9.804278
4123	4540.804853	58.942607	1.210989	1.514630	9.686168
4125	4542.893675	58.417084	1.040422	1.516394	9.828654
4127	4544.982405	58.324242	1.183440	1.516370	9.950344
4129	4547.071115	58.149672	1.104117	1.514944	9.950561
4131	4549.160230	53.991649	0.882660	1.489918	9.793199
4133	4551.249237	59.489114	3.316638	1.490896	10.005269
4135	4553.338292	57.902451	1.121319	1.514631	9.536369
4137	4555.427089	58.438351	0.954534	1.516341	9.618736
4139	4557.515735	52.093790	1.144587	1.481861	10.048783
4141	4559.604874	58.805014	3.247251	1.485470	9.713348
4143	4561.693912	53.296952	0.763112	1.497527	10.065952
4145	4563.782454	58.246734	1.266462	1.515903	9.745224
4147	4565.871774	53.857760	0.900485	1.489150	9.691041
4149	4567.960491	60.901229	3.396150	1.492205	9.829681
4151	4570.049769	58.311196	1.052197	1.513878	9.751051
4153	4572.138514	53.735846	0.770630	1.496806	9.815011
4155	4574.227716	52.924633	0.852431	1.498872	9.711436
4157	4576.316594	54.008901	1.234135	1.478101	9.817370
4159	4578.405412	58.283198	3.283596	1.490562	9.873705
4161	4580.494054	58.846074	1.105077	1.517457	10.021050
4163	4582.583436	58.451277	1.188565	1.515257	9.773429
4165	4584.672073	53.212777	1.225768	1.480721	9.910994
4167	4586.761435	53.922362	1.116452	1.502146	9.969808
4169	4588.850315	53.612782	0.805229	1.490260	9.639083
4171	4590.939061	54.015743	1.005842	1.488091	9.947802
4173	4593.028329	49.659720	3.489265	1.465798	10.082892
4175	4595.117313	57.656874	0.982515	1.515391	9.818385
4177	4597.206129	59.032050	1.091344	1.514198	9.729789
4179	4599.294697	57.959717	1.103122	1.514874	9.846201
4181	4601.383951	54.935311	1.252491	1.479096	9.885501
4183	4603.472792	56.413166	3.556568	1.490372	9.778936
4185	4605.561736	58.240139	1.009151	1.516832	9.794061
4187	4607.650686	53.391538	0.818600	1.498340	9.788598
4189	4609.739471	54.037883	1.231556	1.478321	9.659945
4191	4611.828087	55.155010	3.470775	1.478290	9.962509
4193	4613.916917	57.905496	1.095748	1.515452	10.047532
4195	4616.006502	53.937506	0.885747	1.488554	9.945427
4197	4618.095065	54.074328	1.110725	1.503350	10.073508
4199	4620.184405	57.998370	1.038823	1.514678	10.221960
4201	4622.272943	58.728764	0.953950	1.515088	9.964812
4203	4624.361912	53.844582	0.675336	1.493992	9.804192
4205	4626.450781	53.761591	0.758136	1.495818	9.597221
4207	4628.539858	53.494672	0.745662	1.496592	10.056586
4209	4630.628956	52.419236	1.167372	1.476282	9.969131
4211	4632.717699	53.890811	1.111100	1.503778	9.602431
4213	4634.807065	59.288611	1.006699	1.511578	9.591950
4215	4636.895878	55.204210	1.108950	1.481901	10.084122
4217	4638.984966	53.948726	1.143318	1.475608	9.682724
4219	4641.073810	56.291869	2.854294	1.489147	10.111657
4221	4643.162946	57.700051	1.038421	1.513919	9.951003
4223	4645.251705	58.403479	1.059029	1.513694	9.411472
4225	4647.340764	54.190916	1.215893	1.478241	9.667047
4227	4649.429568	54.005510	1.115971	1.502038	9.931157
4229	4651.518658	57.847952	0.982776	1.512913	9.632003
4231	4653.607253	55.691719	1.112021	1.480392	9.750660
4233	4655.696215	54.270697	1.109577	1.502024	9.765256
4235	4657.785431	58.268909	0.848895	1.511066	9.940127
4237	4659.874041	54.001866	0.854208	1.488770	9.889184
4239	4661.963132	52.294366	4.124714	1.482730	10.112836
4241	4664.051861	57.927469	0.958513	1.510655	9.780258
4243	4666.140676	57.711725	1.000387	1.513662	9.650750
4245	4668.229604	53.718901	0.884786	1.487754	9.749879
4247	4670.318503	53.594488	1.117979	1.503536	9.691658
4249	4672.407584	54.455381	1.199126	1.477009	10.086768
4251	4674.496247	56.607637	3.494643	1.480230	9.491161
4253	4676.585616	58.023284	1.115536	1.510745	9.756957
4255	4678.674155	53.634549	0.825905	1.497050	9.614545
4257	4680.763175	53.802056	0.909015	1.487516	9.740626
4259	4682.852367	56.211988	2.722775	1.487566	10.007254
4261	4684.941246	53.949093	1.195000	1.476899	9.752427
4263	4687.030570	53.553570	1.138654	1.503697	10.021647
4265	4689.119329	57.269845	1.118057	1.513886	9.818407
4267	4691.208304	53.819229	0.722372	1.494553	9.957545
4269	4693.297234	53.978100	0.769880	1.496282	9.798636
4271	4695.386157	58.179241	1.083958	1.512859	9.581755
4273	4697.475145	58.397602	0.882061	1.514522	9.562305
4275	4699.564062	57.542144	1.157928	1.513488	10.058314
4277	4701.653082	58.742292	1.262201	1.513730	9.384007
4279	4703.741951	53.767524	0.719435	1.494998	9.724186
4281	4705.830867	53.643636	0.889968	1.487658	9.960460
4283	4707.919312	53.453754	1.268423	1.476118	9.744193
4285	4710.008429	52.268963	1.145828	1.471568	9.692292
4287	4712.097587	54.063192	1.129396	1.501640	9.746676
4289	4714.186025	53.752143	0.775077	1.495938	9.370791
4291	4716.275011	53.868145	0.899437	1.487389	9.987607
4293	4718.364105	53.927621	1.169931	1.474764	10.056010
4295	4720.452947	52.299248	3.461907	1.469499	9.928775
4297	4722.542104	53.812540	0.879724	1.487664	9.700277
4299	4724.630947	52.076094	3.891281	1.484048	9.916853
4301	4726.719880	53.770322	1.208005	1.477252	9.888351
4303	4728.808614	58.181703	3.264721	1.488033	9.942280
4305	4730.897461	52.384401	1.075315	1.481118	9.750702
4307	4732.986659	52.594737	3.474288	1.470786	10.043472
4309	4735.075509	52.850511	0.818459	1.498954	9.746575
4311	4737.164710	53.401115	1.226057	1.476918	9.857026
4313	4739.253509	53.057436	1.185456	1.473538	9.965808
4315	4741.342338	54.282771	1.136909	1.501855	9.757112
4317	4743.431710	53.640298	0.711731	1.494276	9.794584
4319	4745.520387	57.219962	1.113582	1.511382	10.113971
4321	4747.609986	58.657050	1.073169	1.510595	10.064659
4323	4749.698239	53.302205	0.787255	1.495378	9.731878
4325	4751.787267	58.344790	1.033637	1.507954	9.592248
4327	4753.876379	53.999154	0.784929	1.495053	9.870687
4329	4755.965581	58.109796	0.945676	1.510471	9.863063
4331	4758.054497	53.924416	0.869295	1.487552	9.961525
4333	4760.143404	55.077664	3.512349	1.476988	9.872632
4335	4762.231722	57.616929	0.952834	1.513936	9.764814
4337	4764.320994	58.371379	1.059747	1.511658	10.138635
4339	4766.409922	58.483004	1.215554	1.513843	9.755007
4341	4768.498909	58.798568	1.141872	1.512000	9.506573
4343	4770.587780	53.911702	0.731224	1.493446	9.577475
4345	4772.676834	58.087963	1.105846	1.512794	9.783980
4347	4774.765617	52.737982	0.850671	1.499070	9.993271
4349	4776.854415	53.644668	0.778616	1.496084	10.008684
4351	4778.943268	58.643280	0.850825	1.515342	9.752483
4353	4781.032317	52.210263	1.182590	1.475004	9.641348
4355	4783.121091	60.221572	3.280193	1.486360	9.787448
4357	4785.210033	58.425607	0.956621	1.513444	9.695347
4359	4787.299021	53.864260	0.712392	1.493352	9.719199
4361	4789.387729	53.755990	0.872461	1.487015	9.612775
4363	4791.476986	56.632309	3.488395	1.479341	9.882437
4365	4793.565422	58.008925	0.981230	1.511852	9.979967
4367	4795.654525	53.767871	0.769134	1.494529	9.428404
4369	4797.743650	53.930140	0.902274	1.487209	9.884114
4371	4799.832900	53.726692	1.258466	1.473703	9.583614
4373	4801.921732	54.083036	1.165794	1.502157	10.308583
4375	4804.010652	58.775247	1.361890	1.509813	9.983814
4377	4806.099747	58.084338	1.120336	1.511588	9.694705
4379	4808.189054	57.949202	1.169782	1.510180	9.859065
4381	4810.277931	53.919336	0.917354	1.486632	9.931627
4383	4812.367004	51.541458	4.125641	1.480105	9.737572
4385	4814.455915	53.559572	0.801218	1.495699	9.975205
4387	4816.544953	54.124655	1.260333	1.477917	9.998080
4389	4818.633598	54.031926	1.011712	1.486130	9.951803
4391	4820.722665	56.837218	4.199094	1.487321	9.684581
4393	4822.811548	55.014493	1.133293	1.478473	10.051390
4395	4824.900263	52.910892	1.230480	1.472625	9.753662
4397	4826.989011	55.386414	3.499985	1.485573	9.695061
4399	4829.078121	57.897647	1.133142	1.513625	9.781248
4401	4831.166909	53.785922	0.908477	1.486384	9.846689
4403	4833.256017	53.540742	1.135536	1.501165	9.785493
4405	4835.344702	53.913578	0.780558	1.494396	9.862234
4407	4837.433484	57.440390	1.200910	1.512307	9.461040
4409	4839.522205	58.972570	1.184645	1.513725	9.780868
4411	4841.611569	58.810807	1.239324	1.512928	9.719459
4413	4843.699677	57.877737	1.146801	1.512925	9.831952
4415	4845.789341	58.408947	1.034453	1.514266	9.850530
4417	4847.877889	53.210511	0.782434	1.495504	9.761675
4419	4849.967257	50.422955	1.178545	1.474264	9.673790
4421	4852.056123	54.445164	4.194876	1.486088	9.989988
4423	4854.145045	57.929437	0.929253	1.515962	10.096417
4425	4856.234400	54.132226	1.237639	1.475874	9.937631
4427	4858.322127	53.219346	1.156367	1.503494	10.017498
4429	4860.411789	53.405224	0.874708	1.497229	10.371708
4431	4862.500974	55.943100	1.153305	1.477444	9.853064
4433	4864.590321	52.230086	3.493197	1.468255	9.666073
4435	4866.679036	57.994769	1.141354	1.513071	10.097271
4437	4868.767529	53.846405	0.907890	1.486514	10.121744
4439	4870.857050	51.928813	3.498472	1.467978	9.849869
4441	4872.946117	57.732335	1.211360	1.510307	9.686524
4443	4875.034900	57.857444	1.206214	1.510696	9.927679
4445	4877.123701	53.749000	0.785802	1.494375	9.728041
4447	4879.212776	58.943997	1.292733	1.512137	9.857214
4449	4881.301575	58.693429	1.030534	1.511992	9.864675
4451	4883.390525	57.297185	1.150103	1.508985	10.147842
4453	4885.479494	53.594531	0.785869	1.494782	9.887192
4455	4887.568365	54.051999	1.237902	1.474530	9.882599
4457	4889.657388	56.788080	3.465069	1.476755	9.816031
4459	4891.746229	57.337301	1.102278	1.510359	9.817265
4461	4893.835213	54.602470	1.289610	1.476774	9.815597
4463	4895.924097	54.274053	4.158761	1.484623	9.682666
4465	4898.012753	58.886342	1.154503	1.511860	9.787184
4467	4900.101695	54.238906	1.131582	1.479240	9.808043
4469	4902.190432	55.337883	3.506966	1.484307	9.795887
4471	4904.279568	57.857736	1.181439	1.511340	10.011533
4473	4906.368672	57.758931	1.183379	1.512217	9.951396
4475	4908.457651	58.487430	1.117314	1.510892	9.798814
4477	4910.546545	57.842945	1.082144	1.509044	9.870545
4479	4912.635773	53.915901	0.914435	1.485796	9.749986
4481	4914.724552	56.400216	2.752271	1.486801	9.340875
4483	4916.813535	59.178043	1.234926	1.510176	10.078810
4485	4918.902652	53.419014	0.759412	1.492617	9.564645
4487	4920.991366	54.258872	0.706317	1.492410	9.855304
4489	4923.080431	57.772706	1.063921	1.509555	9.777604
4491	4925.169472	57.449609	0.962028	1.512567	9.671156
4493	4927.258570	53.465383	0.796586	1.494412	9.748426
4495	4929.347467	57.758162	1.260733	1.506336	10.098139
4497	4931.436565	57.076903	1.111440	1.510179	9.866404
4499	4933.525406	54.044971	0.757093	1.493648	9.716267
4501	4935.614022	53.847634	0.827987	1.494346	10.075528
4503	4937.703342	55.705388	1.163251	1.476942	9.497023
4505	4939.791715	52.028508	1.086798	1.468186	9.760476
4507	4941.880913	54.164054	1.152186	1.499119	9.455372
4509	4943.969849	52.702678	1.210389	1.475298	9.425595
4511	4946.058745	53.868423	1.153898	1.499084	9.419582
4513	4948.147747	54.624194	1.283199	1.474435	9.660210
4515	4950.236396	63.773005	3.350477	1.486153	9.773898
4517	4952.325496	55.325977	1.169257	1.479938	10.050513
4519	4954.414200	56.295272	2.790132	1.485978	9.699212
4521	4956.503251	57.837035	1.181454	1.509852	9.865411
4523	4958.592157	54.318139	1.308508	1.477480	9.445190
4525	4960.680978	53.878654	1.062224	1.484106	9.596534
4527	4962.769950	57.285898	3.301635	1.483641	10.048407
4529	4964.858973	53.933077	0.928631	1.484925	9.864707
4531	4966.947865	55.744739	3.517990	1.477042	9.885558
4533	4969.036670	53.979586	0.907650	1.485262	9.919661
4535	4971.125816	53.813409	1.207751	1.473080	10.138113
4537	4973.214817	55.341043	3.509490	1.475593	9.883570
4539	4975.303504	58.084384	1.246178	1.510075	10.081272
4541	4977.392635	53.840045	0.761344	1.493086	9.872124
4543	4979.481688	53.310185	1.238710	1.475004	9.876455
4545	4981.570593	56.291183	2.816645	1.486136	9.705350
4547	4983.659787	58.188192	1.265907	1.511060	9.827629
4549	4985.748738	53.370754	1.216483	1.475314	10.074389
4551	4987.837608	53.713615	1.310679	1.474011	9.955045
4553	4989.926318	60.287067	3.421196	1.489500	9.833233
4555	4992.015549	58.626982	1.043055	1.511922	9.779951
4557	4994.104424	57.971783	1.116957	1.509848	9.784417
4559	4996.193414	53.974029	0.785600	1.493061	9.575385
4561	4998.282553	57.940846	0.986308	1.510926	9.800255
4563	5000.371107	55.879784	1.210927	1.480057	9.716886
4565	5002.459806	53.874298	1.166651	1.499940	9.753505
4567	5004.549047	54.196833	1.296689	1.473952	9.475552
4569	5006.637897	53.666861	1.056218	1.485849	9.860213
4571	5008.727024	54.038235	1.049723	1.484782	9.734358
4573	5010.815672	54.938583	1.386806	1.474605	9.943103
4575	5012.904914	54.000496	1.183137	1.497848	9.974590
4577	5014.993922	53.637435	1.306591	1.477998	9.893792
4579	5017.082059	53.257177	1.165380	1.472343	10.017343
4581	5019.171361	54.042006	1.304399	1.474922	9.710632
4583	5021.260204	54.116687	1.150309	1.498974	9.879832
4585	5023.349160	57.774113	1.167237	1.509816	9.769425
4587	5025.438084	54.497566	1.277810	1.474958	9.941073
4589	5027.526836	53.842443	1.032693	1.484861	9.773791
4591	5029.615731	60.032202	3.253045	1.488604	9.570265
4593	5031.705184	58.307605	1.167551	1.511258	9.648795
4595	5033.794126	54.054979	1.258162	1.474700	10.008394
4597	5035.882722	54.161099	1.170764	1.497976	9.694583
4599	5037.971953	59.004620	1.153686	1.512553	9.658815
4601	5040.060708	53.756423	1.289174	1.476143	9.997537
4603	5042.149605	54.162534	1.193114	1.500854	9.747118
4605	5044.239008	57.965094	1.129289	1.510828	9.756933
4607	5046.327387	59.043884	1.086704	1.509073	9.763388
4609	5048.416759	58.823050	1.180075	1.509796	9.671047
4611	5050.505490	53.992167	1.208431	1.480134	9.704997
4613	5052.594639	53.961719	1.174222	1.499464	9.623861
4615	5054.683063	58.253880	1.221132	1.509618	10.011927
4617	5056.772612	53.745780	0.950380	1.484779	9.663647
4619	5058.861402	55.011068	4.234775	1.486687	9.991161
4621	5060.949962	53.507568	0.818377	1.493945	9.690388
4623	5063.039317	54.290685	1.268931	1.476460	9.822183
4625	5065.128280	54.565214	3.968308	1.488817	9.906554
4627	5067.217182	53.587003	1.271657	1.475180	10.193780
4629	5069.305781	57.762877	3.280808	1.484492	10.175761
4631	5071.395200	54.336309	0.782293	1.492927	10.090560
4633	5073.483766	53.844147	0.744159	1.491103	9.929513
4635	5075.572844	52.978868	1.268421	1.472457	10.035014
4637	5077.661667	53.483487	1.248192	1.472459	9.395740
4639	5079.750640	53.279518	1.140359	1.470806	9.699662
4641	5081.839533	53.927952	1.255309	1.473329	10.012723
4643	5083.928578	47.730174	3.409809	1.458146	10.019879
4645	5086.017401	55.799904	1.191971	1.478157	9.661492
4647	5088.106262	54.000061	1.187663	1.499085	10.056409
4649	5090.195332	59.423401	1.257570	1.509508	9.897016
4651	5092.284402	57.769004	1.086363	1.510845	9.854857
4653	5094.373115	54.267209	1.256700	1.474464	9.903580
4655	5096.462162	56.399046	2.852230	1.486283	9.818804
4657	5098.551367	58.535091	0.972268	1.512025	9.807467
4659	5100.640318	57.204649	0.754176	1.515093	9.672691
4661	5102.728955	53.822318	0.893528	1.484818	9.728724
4663	5104.818175	54.996004	3.509366	1.473943	9.879439
4665	5106.906925	58.091646	1.201975	1.510370	10.057623
4667	5108.995948	58.101600	1.054955	1.508729	9.639461
4669	5111.084638	53.033053	0.880571	1.495266	9.964709
4671	5113.173916	53.933202	0.769584	1.492253	9.648828
4673	5115.262842	53.826474	0.940798	1.484501	9.618281
4675	5117.351787	53.948650	1.139010	1.498433	9.861953
4677	5119.440632	58.100655	1.090030	1.510604	9.702992
4679	5121.529322	56.044356	1.169833	1.476780	9.788083
4681	5123.618584	56.573963	4.271689	1.489460	9.903544
4683	5125.707584	53.031261	0.867549	1.494700	9.928601
4685	5127.796384	53.951905	0.789506	1.491580	9.582112
4687	5129.884988	53.926297	1.268025	1.474047	10.020817
4689	5131.974236	54.823807	4.192567	1.485071	10.038549
4691	5134.063036	55.011486	1.291092	1.474949	10.161600
4693	5136.151968	54.325560	1.176188	1.497499	9.802263
4695	5138.241270	57.257641	1.110758	1.510312	9.826505
4697	5140.329934	55.440463	1.155332	1.476455	9.883633
4699	5142.419047	53.421103	3.730565	1.481941	10.022199
4701	5144.507734	58.764285	1.085913	1.508598	10.129788
4703	5146.596981	54.102334	0.755950	1.491573	10.014771
4705	5148.685979	54.221211	1.293382	1.474726	9.943306
4707	5150.774385	54.345855	1.147227	1.473208	9.935904
4709	5152.863613	53.584724	1.159887	1.500754	9.683892
4711	5154.952643	54.301340	1.325123	1.476906	10.039437
4713	5157.041804	53.371462	1.177649	1.471026	10.032957
4715	5159.130405	53.940523	1.035676	1.483713	9.576846
4717	5161.219366	53.936011	1.062093	1.483888	9.584828
4719	5163.308397	53.704429	1.171371	1.499652	9.858658
4721	5165.397260	53.429415	0.827170	1.493249	10.029818
4723	5167.485908	54.977433	1.347702	1.476166	9.792193
4725	5169.575179	53.000359	3.495955	1.468563	9.941625
4727	5171.664180	58.485634	1.264903	1.510002	10.223437
4729	5173.752960	54.156842	1.260676	1.474211	9.903710
4731	5175.842043	53.642262	1.129919	1.498345	9.737579
4733	5177.930905	59.585947	1.280529	1.511759	9.977633
4735	5180.019575	53.764866	0.746206	1.491014	10.067000
4737	5182.108980	55.454587	1.181519	1.477881	9.734235
4739	5184.197595	55.476742	3.291327	1.478125	9.772201
4741	5186.286507	54.426201	1.262874	1.481573	9.972891
4743	5188.375479	55.079897	3.291625	1.478911	9.989997
4745	5190.464405	54.403485	1.273344	1.473986	9.691862
4747	5192.553258	54.446575	3.939860	1.485245	9.845974
4749	5194.641922	58.383288	1.104053	1.512166	9.928395
4751	5196.730821	58.469967	1.035790	1.513536	9.766858
4753	5198.820331	54.370060	1.182556	1.479348	10.026339
4755	5200.908746	53.573992	1.203656	1.472321	9.508906
4757	5202.997934	53.783792	1.164537	1.499880	10.010221
4759	5205.087160	53.991064	0.939313	1.484654	9.863071
4761	5207.176048	54.217924	1.195231	1.498778	10.061795
4763	5209.264886	57.616739	1.122223	1.509067	9.661318
4765	5211.354070	53.391365	1.276682	1.474272	10.036908
4767	5213.442847	52.983982	1.256492	1.470999	9.752740
4769	5215.531710	53.801587	1.181389	1.499433	9.831014
4771	5217.620901	54.440060	1.283314	1.474169	9.988248
4773	5219.709409	53.708019	1.158219	1.471633	9.977933
4775	5221.798575	54.169641	1.205553	1.500255	9.893500
4777	5223.887629	52.521510	1.230109	1.472688	9.799045
4779	5225.976583	54.136134	1.167813	1.498053	9.831516
4781	5228.065364	57.623829	1.110446	1.508928	9.493995
4783	5230.154193	59.979774	1.496512	1.509642	10.087826
4785	5232.243427	53.354841	0.798708	1.491906	10.100140
4787	5234.332578	58.608141	1.044405	1.509660	9.804455
4789	5236.421035	58.550226	1.210357	1.507265	9.827488
4791	5238.510455	58.006576	1.104649	1.510664	9.727733
4793	5240.599009	54.060521	1.285205	1.473710	10.079076
4795	5242.688056	53.119533	1.263254	1.471251	9.878695
4797	5244.776675	53.658203	1.264564	1.472965	10.000731
4799	5246.865956	54.001751	4.201630	1.484051	9.507086
4801	5248.954620	54.112109	1.254060	1.472634	9.736710
4803	5251.043561	54.202321	1.176252	1.497621	10.054941
4805	5253.132433	58.885705	1.283646	1.509748	10.021940
4807	5255.221274	54.356177	1.252962	1.474321	9.691302
4809	5257.309986	53.865267	4.176809	1.482425	9.896639
4811	5259.399281	57.473211	1.171913	1.509057	9.878456
4813	5261.488655	57.844328	1.089644	1.507326	9.909984
4815	5263.577677	52.888618	1.256548	1.474024	10.172095
4817	5265.666342	52.372066	3.489947	1.466047	9.820380
4819	5267.755036	57.925565	1.066320	1.510869	10.087945
4821	5269.844246	55.504189	1.151143	1.474939	9.828184
4823	5271.932607	53.657311	1.270001	1.472978	9.891136
4825	5274.022342	53.568437	1.206810	1.471230	9.856756
4827	5276.110816	53.733672	1.318072	1.472999	9.871839
4829	5278.200015	52.805962	3.490165	1.466801	9.864458
4831	5280.288783	57.663849	1.118468	1.508425	10.139121
4833	5282.377821	50.851656	1.234345	1.474622	10.207877
4835	5284.467175	55.236530	3.326615	1.479678	10.114735
4837	5286.555849	53.098270	1.244802	1.474352	9.964123
4839	5288.644786	53.722550	1.278304	1.472793	9.915234
4841	5290.733594	53.926365	1.055993	1.483388	9.856151
4843	5292.822467	54.260942	1.197889	1.471730	9.779174
4845	5294.911933	55.307161	3.550750	1.475106	9.924436
4847	5297.000387	53.603106	0.815672	1.493023	9.571076
4849	5299.089324	53.956416	0.948749	1.483904	9.907057
4851	5301.178380	53.807552	1.308638	1.473293	9.806885
4853	5303.267437	56.541827	4.268422	1.487552	9.600794
4855	5305.356082	59.130589	1.215055	1.508885	9.819982
4857	5307.445279	52.612091	1.246651	1.471400	10.044382
4859	5309.534364	56.390583	3.518367	1.475740	9.981052
4861	5311.623016	57.679952	1.211259	1.510083	9.917675
4863	5313.711962	57.896314	1.095651	1.508662	9.638337
4865	5315.800907	57.848496	1.104520	1.508853	9.787173
4867	5317.889968	53.971568	0.940067	1.483940	9.737162
4869	5319.978724	54.275621	1.175775	1.496339	10.036657
4871	5322.067711	53.662002	1.133284	1.476640	9.998687
4873	5324.156650	56.470009	2.841946	1.484956	9.794573
4875	5326.245467	57.829836	1.180332	1.507096	9.976082
4877	5328.334515	58.991551	1.236402	1.508919	10.048770
4879	5330.423056	53.564215	0.924902	1.483365	9.714363
4881	5332.512068	53.263414	1.224979	1.469971	9.853122
4883	5334.601421	56.636931	2.843540	1.480098	9.746048
4885	5336.690243	53.830717	0.917818	1.484352	9.975661
4887	5338.779298	54.742943	4.179948	1.482483	9.959952
4889	5340.868054	58.295586	1.093911	1.509397	10.149174
4891	5342.957265	54.118361	1.281488	1.472577	10.103123
4893	5345.045853	53.726891	3.969078	1.486616	9.686816
4895	5347.135373	54.945416	1.177029	1.476464	9.931546
4897	5349.224313	53.921926	1.334996	1.473122	9.843314
4899	5351.312510	55.132730	2.877130	1.479831	9.623614
4901	5353.401543	53.888042	0.950211	1.483188	9.821254
4903	5355.490882	56.610400	2.885640	1.485796	9.852443
4905	5357.579355	58.793169	1.267208	1.507757	9.978881
4907	5359.668715	51.084679	1.245192	1.472431	9.452710
4909	5361.757508	55.156619	3.572249	1.482009	9.342857
4911	5363.846372	57.224057	0.865306	1.510750	9.800530
4913	5365.935167	58.487808	1.268960	1.505837	10.095042
4915	5368.024308	53.946019	0.934937	1.483412	9.839275
4917	5370.113377	59.854202	3.096228	1.485474	9.720377
4919	5372.202532	53.878516	0.888526	1.483872	9.886109
4921	5374.291293	53.840996	1.039847	1.482821	9.919912
4923	5376.380157	53.839872	1.305605	1.472572	9.793942
4925	5378.469089	53.182453	1.260270	1.470041	9.705875
4927	5380.558242	54.115670	1.162700	1.496542	9.534734
4929	5382.647107	57.809575	1.173417	1.509106	10.164705
4931	5384.736257	58.987334	1.298101	1.506817	10.036440
4933	5386.824557	53.860905	0.926072	1.483395	9.766776
4935	5388.913677	56.309678	2.763242	1.484012	9.913480
4937	5391.002786	57.767362	1.111524	1.511193	9.951169
4939	5393.091588	52.825949	0.899676	1.493951	9.538782
4941	5395.180281	58.768676	1.174356	1.509139	10.020037
4943	5397.269863	58.178401	1.250735	1.508982	10.096945
4945	5399.358300	53.893542	0.945765	1.483109	9.588632
4947	5401.447236	53.862539	1.160215	1.497979	10.000880
4949	5403.535971	58.801135	1.116356	1.507800	10.009675
4951	5405.625298	58.353531	1.197509	1.511051	9.741708
4953	5407.713669	58.440186	1.261020	1.508128	9.962802
4955	5409.803092	57.719660	1.083687	1.511463	9.863226
4957	5411.892065	53.601275	1.274041	1.473440	9.862229
4959	5413.980970	53.690128	1.320895	1.472403	10.046075
4961	5416.069699	54.254526	1.195211	1.498476	9.936429
4963	5418.158743	58.280632	1.142576	1.508937	10.087062
4965	5420.247688	54.225243	1.248261	1.473854	9.866603
4967	5422.336502	54.209927	4.171342	1.480633	9.818896
4969	5424.425802	53.825946	0.868437	1.491223	9.661682
4971	5426.514616	57.991494	1.335460	1.505278	9.902252
4973	5428.603505	57.474649	0.965424	1.508169	10.091442
4975	5430.692644	57.814770	1.153400	1.507903	9.629829
4977	5432.781380	58.091941	1.134818	1.507079	9.695931
4979	5434.870561	54.012123	0.945678	1.483167	9.407708
4981	5436.959245	54.151649	1.193981	1.499403	9.582963
4983	5439.048186	53.785992	0.951773	1.482874	9.806258
4985	5441.137268	53.584687	1.193702	1.501002	9.661603
4987	5443.226310	59.379421	1.398626	1.506970	10.124294
4989	5445.314651	54.013040	1.333090	1.475040	9.691705
4991	5447.404214	53.230808	3.911193	1.481924	9.995923
4993	5449.493166	58.213793	1.134896	1.509024	9.828439
4995	5451.581802	57.948233	1.102851	1.511351	9.782061
4997	5453.671045	58.348260	1.094012	1.509707	9.567869
4999	5455.759807	57.738439	0.966427	1.508239	9.924287
5001	5457.848764	57.606925	0.943242	1.513399	9.778233
5003	5459.937596	58.075413	1.113544	1.507130	9.911697
5005	5462.026347	57.742965	0.873247	1.512133	9.957727
5007	5464.115282	58.142376	1.061094	1.508445	9.907483
5009	5466.204421	53.629736	0.874068	1.484460	9.403508
5011	5468.293345	53.594192	4.185165	1.480721	9.918481
5013	5470.381997	58.171411	1.164365	1.509686	9.821528
5015	5472.471021	53.794767	0.779669	1.489738	9.940903
5017	5474.560266	53.419960	1.264115	1.472747	9.756544
5019	5476.648993	55.352069	3.533239	1.481669	9.969276
5021	5478.737960	53.765022	0.880043	1.483565	10.034408
5023	5480.826908	53.917444	1.272978	1.471967	9.861685
5025	5482.916029	56.194097	2.788810	1.482853	9.700004
5027	5485.004705	57.838334	1.099245	1.508842	9.747754
5029	5487.093984	53.862710	0.915524	1.483881	9.507633
5031	5489.182931	53.924798	1.278211	1.472494	10.052190
5033	5491.271807	53.754632	1.239875	1.470031	10.007584
5035	5493.360895	53.341305	1.048026	1.467073	9.931378
5037	5495.450071	51.295817	4.150614	1.473975	9.597697
5039	5497.539024	54.684035	1.157303	1.475485	9.885045
5041	5499.627318	53.453900	1.287711	1.471101	9.813952
5043	5501.716338	54.512981	4.210146	1.483525	10.118588
5045	5503.805650	52.452608	1.240578	1.471827	9.667310
5047	5505.894197	56.207003	2.936608	1.483384	9.932319
5049	5507.983170	58.461461	1.052431	1.508208	9.757039
5051	5510.072476	53.540379	0.807059	1.489723	9.866907
5053	5512.161290	57.634685	1.037037	1.508593	9.490499
5055	5514.250067	53.234785	0.952011	1.493561	9.656443
5057	5516.338998	53.961389	0.788678	1.489466	9.979344
5059	5518.427903	54.633704	1.311963	1.473611	9.893468
5061	5520.516920	52.812240	1.169933	1.466891	9.988987
5063	5522.605795	53.572582	1.258131	1.469801	9.389533
5065	5524.694979	55.861241	3.319461	1.479416	10.072545
5067	5526.783073	53.866302	0.863836	1.483669	9.446844
5069	5528.872618	54.338861	4.192389	1.482157	9.857142
5071	5530.961710	58.267216	0.885782	1.508888	9.913570
5073	5533.050261	53.974750	0.823857	1.490750	9.736511
5075	5535.139172	54.312545	1.194892	1.479206	9.722956
5077	5537.228158	53.982256	1.046998	1.481691	9.847827
5079	5539.316573	53.844870	4.169270	1.480129	9.628200
5081	5541.406183	57.802859	1.174532	1.507506	9.961219
5083	5543.495594	58.545871	1.051247	1.506043	9.882542
5085	5545.584197	53.746158	0.752225	1.488944	10.049205
5087	5547.673165	53.362701	1.287575	1.474014	9.649269
5089	5549.762211	53.782746	4.166392	1.479833	9.704378
5091	5551.851144	55.027866	1.166766	1.476717	9.727409
5093	5553.940067	56.628381	4.248827	1.486939	10.124666
5095	5556.029107	53.169382	0.830439	1.493626	9.648045
5097	5558.117890	58.631128	1.080953	1.509036	9.752406
5099	5560.207090	58.136671	1.043013	1.508132	10.035696
5101	5562.295357	54.069471	0.948391	1.482115	9.757246
5103	5564.384766	52.991794	1.160526	1.467149	9.622039
5105	5566.473563	53.794162	3.868599	1.484304	9.979959
5107	5568.562427	53.931372	1.270696	1.472096	9.613464
5109	5570.651575	57.460771	3.261302	1.480240	9.493486
5111	5572.740434	59.074358	1.157899	1.508257	9.556154
5113	5574.829395	58.031414	1.162798	1.512346	9.790183
5115	5576.917710	58.401374	1.202638	1.509611	9.903327
5117	5579.007251	53.949580	1.290147	1.471639	9.855035
5119	5581.096035	54.405158	1.189002	1.495632	9.760368
5121	5583.185067	58.319504	1.143724	1.509117	9.749776
5123	5585.273811	58.077534	1.056676	1.507244	9.784871
5125	5587.362882	58.017247	1.149077	1.509076	9.607977
5127	5589.451690	59.586244	1.189907	1.511390	10.014115
5129	5591.540617	54.302219	0.813363	1.488466	9.458977
5131	5593.629784	53.800901	0.924414	1.482105	10.203678
5133	5595.718439	53.661408	1.162154	1.497155	9.323593
5135	5597.807541	53.843530	0.917676	1.482077	9.736840
5137	5599.896672	53.478830	1.261396	1.469661	9.878527
5139	5601.985856	54.198898	1.251498	1.470980	9.780660
5141	5604.074767	53.816108	1.161100	1.495682	9.640996
5143	5606.163418	53.127445	0.863829	1.492213	9.706069
5145	5608.252582	55.488456	1.182639	1.476441	10.030191
5147	5610.341766	53.515345	1.308922	1.470350	10.093218
5149	5612.430519	53.010221	3.527143	1.467527	9.782352
5151	5614.519491	53.929858	0.939922	1.482352	9.839493
5153	5616.608490	53.924219	4.188206	1.480655	9.900891
5155	5618.696929	53.794479	0.745921	1.488147	9.758723
5157	5620.786471	54.033722	1.274848	1.470639	9.970563
5159	5622.875384	53.617047	1.314596	1.470819	10.149323
5161	5624.964000	59.971835	3.317731	1.481684	9.437178
5163	5627.053363	53.782105	0.922684	1.481577	9.750256
5165	5629.142041	55.709022	3.549091	1.474418	9.753644
5167	5631.230764	58.762890	1.210536	1.509316	9.607793
5169	5633.319755	53.150613	0.800750	1.490686	9.366756
5171	5635.408962	57.737780	1.015934	1.508902	9.825593
5173	5637.497484	53.841039	1.283382	1.472473	9.819699
5175	5639.586643	54.028799	1.275408	1.471538	9.987236
5177	5641.675472	56.185558	2.754659	1.482733	10.207078
5179	5643.763988	58.242447	1.218653	1.507807	9.673984
5181	5645.853434	54.351137	1.298238	1.473039	10.113670
5183	5647.942295	53.832678	1.058892	1.480519	9.954851
5185	5650.031186	54.056343	3.957185	1.484259	10.150039
5187	5652.119895	54.119524	1.252685	1.470208	9.745675
5189	5654.208941	50.924461	3.893563	1.473593	9.906511
5191	5656.297766	58.248340	1.285818	1.507807	9.675338
5193	5658.386986	58.019911	0.993804	1.509297	9.509193
5195	5660.476219	57.949639	1.090473	1.506537	9.754164
5197	5662.565064	54.717078	1.311182	1.473476	9.756291
5199	5664.653961	56.576675	4.229458	1.485321	9.921977
5201	5666.742826	53.798289	0.752813	1.489167	9.680448
5203	5668.832106	53.468926	0.781464	1.488774	9.806437
5205	5670.921122	53.455595	1.275494	1.472070	9.855748
5207	5673.010013	53.938120	1.048297	1.480939	9.904568
5209	5675.098898	53.928545	1.144282	1.494682	9.445929
5211	5677.187738	58.025325	1.161306	1.505518	10.083672
5213	5679.276826	54.651263	1.302370	1.472067	9.917187
5215	5681.365490	56.548544	4.261276	1.485552	9.835870
5217	5683.454319	58.952408	1.318022	1.504129	9.884176
5219	5685.543432	54.178104	0.758631	1.487779	9.829758
5221	5687.632104	54.637266	0.814574	1.489519	9.755308
5223	5689.721369	57.904973	1.175283	1.507240	9.877621
5225	5691.809931	57.661450	1.311584	1.504521	9.917402
5227	5693.899370	53.724555	0.789769	1.489463	9.746491
5229	5695.988083	58.532918	1.145454	1.505716	9.797113
5231	5698.077061	53.881519	0.758585	1.487963	9.732643
5233	5700.165734	53.582777	0.827758	1.489022	9.725075
5235	5702.254773	58.862193	1.210290	1.509380	9.923109
5237	5704.343551	58.597160	1.190147	1.509776	9.918114
5239	5706.432642	53.995932	0.949857	1.481207	9.987099
5241	5708.521500	53.804624	1.177011	1.495339	10.022711
5243	5710.610607	53.486002	1.249198	1.472018	9.805662
5245	5712.699201	56.113204	2.687928	1.480941	9.919251
5247	5714.788152	53.773719	0.927259	1.481333	10.116739
5249	5716.877521	54.667941	1.190921	1.495415	9.888785
5251	5718.966142	57.911281	1.141273	1.507386	10.071555
5253	5721.055258	59.181173	1.288662	1.507675	9.866589
5255	5723.144418	58.522348	1.156592	1.507398	9.773724
5257	5725.233044	52.926785	0.867643	1.490650	9.664212
5259	5727.322365	58.133750	1.155227	1.507284	9.924099
5261	5729.411211	53.852593	0.803261	1.488606	9.490229
5263	5731.499978	59.251783	1.252499	1.508632	9.867798
5265	5733.589139	58.819358	1.084292	1.508190	10.064604
5267	5735.678025	57.974413	1.246786	1.506917	9.842147
5269	5737.766945	53.929248	0.791748	1.487920	10.061395
5271	5739.855664	55.297342	1.175782	1.475060	9.811656
5273	5741.944831	54.142112	1.166316	1.493868	10.026006
5275	5744.033552	58.397949	1.226331	1.505053	9.939807
5277	5746.122746	57.677197	1.109837	1.507900	10.058269
5279	5748.211464	54.109868	0.761018	1.487709	9.498576
5281	5750.300025	54.725171	1.325058	1.470315	9.650794
5283	5752.389361	54.091415	1.164744	1.494977	10.105992
5285	5754.478487	57.614003	1.243284	1.506708	9.929519
5287	5756.566615	53.898229	0.936442	1.481016	10.094182
5289	5758.656096	57.058460	2.880501	1.479828	9.847093
5291	5760.745441	53.638994	0.809942	1.489390	9.706894
5293	5762.834001	54.336726	0.833909	1.488526	9.662249
5295	5764.922860	53.990544	0.921223	1.481274	9.915452
5297	5767.011942	53.956942	1.164971	1.495530	9.964563
5299	5769.100928	53.850486	0.732951	1.486745	9.819523
5301	5771.189680	54.006304	0.767687	1.486924	9.966155
5303	5773.278714	54.850459	1.162587	1.473865	9.660517
5305	5775.367685	53.928209	1.183950	1.495225	9.850451
5307	5777.456904	52.961840	0.881042	1.492408	9.932918
5309	5779.545814	59.235862	1.217403	1.507610	9.993735
5311	5781.634416	54.582225	1.283175	1.470650	9.591197
5313	5783.723961	54.089505	1.173594	1.494189	9.772711
5315	5785.812659	58.853035	1.113244	1.504760	9.907846
5317	5787.901739	53.802867	0.914349	1.481335	9.838184
5319	5789.990642	53.270521	1.264665	1.468265	10.021864
5321	5792.079404	56.026973	2.729314	1.480205	9.790716
5323	5794.168211	57.915221	1.048644	1.506780	9.770915
5325	5796.257594	58.909695	1.168051	1.507737	9.855067
5327	5798.346290	53.955992	0.798427	1.487349	9.592573
5329	5800.435337	57.622676	1.044519	1.506933	9.821556
5331	5802.524399	53.819083	0.790310	1.488355	9.781315
5333	5804.612909	54.034702	0.800758	1.490342	9.741244
5335	5806.701919	53.960244	0.787804	1.488152	9.802055
5337	5808.791155	58.028106	0.976028	1.506263	10.036951
5339	5810.880097	51.780001	0.934812	1.494135	9.721031
5341	5812.968635	58.089948	1.128456	1.509162	9.523277
5343	5815.057650	56.377056	1.187489	1.470947	9.955668
5345	5817.146693	50.869976	3.309479	1.470060	9.551955
5347	5819.235422	53.973658	0.954505	1.480454	9.609823
5349	5821.324169	53.858312	3.977648	1.482125	10.057620
5351	5823.413511	54.011419	0.752141	1.487585	9.732760
5353	5825.501990	59.313629	1.103635	1.507912	9.961057
5355	5827.591036	54.307544	1.280406	1.470338	9.590833
5357	5829.680395	53.554253	1.085463	1.465395	9.855856
5359	5831.768930	53.848999	1.081677	1.480007	9.758872
5361	5833.858079	56.045260	2.682673	1.480083	9.827377
5363	5835.947253	53.865375	0.837141	1.482147	9.676457
5365	5838.036040	54.017477	1.169382	1.494233	9.710003
5367	5840.125015	57.795374	1.171302	1.507060	9.763830
5369	5842.214385	57.958732	1.129888	1.506346	9.630047
5371	5844.303425	58.426180	1.290810	1.505088	9.848245
5373	5846.392402	53.787280	0.804441	1.487851	9.999856
5375	5848.481192	54.079172	0.801743	1.489156	9.376699
5377	5850.569857	57.964467	1.212898	1.504178	10.032381
5379	5852.658924	59.122431	1.204395	1.503372	9.640007
5381	5854.747955	58.093915	1.204751	1.503910	10.093156
5383	5856.837041	54.348421	1.289904	1.470002	9.811675
5385	5858.925277	57.860856	3.258818	1.480045	10.108410
5387	5861.014282	54.083593	0.785028	1.487414	9.818009
5389	5863.103597	54.391473	1.306977	1.469875	9.961287
5391	5865.192576	52.390107	3.531994	1.464104	9.689645
5393	5867.281673	53.257997	1.269069	1.470015	9.945656
5395	5869.370662	53.651836	3.992107	1.480437	9.691246
5397	5871.459277	51.195362	1.162516	1.473149	9.870730
5399	5873.548046	53.792019	1.275388	1.468745	9.738241
5401	5875.637057	52.827524	3.537251	1.465680	10.115388
5403	5877.725824	53.139783	0.919426	1.490734	9.839864
5405	5879.814645	54.297774	1.284176	1.471084	9.650155
5407	5881.903859	54.635870	4.026325	1.482085	9.736430
5409	5883.992714	58.268619	1.223037	1.504924	9.849739
5411	5886.081411	50.602176	1.231081	1.468399	9.899431
5413	5888.170392	53.875608	1.185729	1.494867	9.721808
5415	5890.259597	58.369339	1.036047	1.508409	9.981484
5417	5892.348617	58.390466	1.201174	1.505088	9.939644
5419	5894.437320	53.161181	0.818914	1.489215	10.017640
5421	5896.526300	57.515818	1.056768	1.504853	10.082902
5423	5898.615149	57.736736	1.022112	1.504526	9.847093
5425	5900.704171	58.098048	1.118871	1.504964	9.951319
5427	5902.793103	57.805384	1.219911	1.504075	9.746996
5429	5904.882214	57.462338	1.147005	1.506249	9.888727
5431	5906.971278	57.449192	1.106203	1.503524	9.908913
5433	5909.060250	54.667420	1.179406	1.473908	9.924858
5435	5911.149045	58.414943	3.294991	1.479449	9.667071
5437	5913.238237	54.777755	1.330873	1.471343	10.043996
5439	5915.327571	54.853275	4.238707	1.481621	9.959115
5441	5917.416178	53.885993	0.848578	1.489071	9.503052
5443	5919.505168	53.775475	0.939745	1.481045	9.891305
5445	5921.594067	54.510819	4.227509	1.480419	9.630122
5447	5923.683001	57.652038	1.125413	1.506776	9.955811
5449	5925.771798	57.863757	1.282714	1.507160	9.707395
5451	5927.860959	55.182285	1.179865	1.471906	10.071725
5453	5929.949528	54.134798	1.172876	1.467418	9.694322
5455	5932.038422	56.283445	4.057780	1.485404	10.113349
5457	5934.127381	54.101737	1.269837	1.472949	10.131307
5459	5936.216453	56.326190	2.798163	1.481151	9.987860
5461	5938.304932	58.045323	1.160406	1.510095	9.684598
5463	5940.394242	50.270666	1.216142	1.468671	9.949982
5465	5942.482761	54.117130	1.084166	1.479951	9.798105
5467	5944.571676	54.580569	3.999122	1.483702	10.076109
5469	5946.660745	53.362654	0.837354	1.488676	9.658644
5471	5948.749822	58.549593	1.350599	1.505728	9.990486
5473	5950.838937	53.706468	0.825908	1.488917	10.044024
5475	5952.927710	53.887827	0.970474	1.480175	9.864445
5477	5955.016624	53.776298	1.267288	1.468967	9.715634
5479	5957.105874	50.915964	3.938721	1.472613	9.951401
5481	5959.194754	58.709230	1.216091	1.508904	9.726259
5483	5961.284101	58.090144	1.170612	1.506354	9.842345
5485	5963.372736	57.840769	1.156275	1.506111	10.044214
5487	5965.461426	59.176677	1.079923	1.507684	9.885641
5489	5967.550713	53.993059	0.932936	1.480688	9.696803
5491	5969.639434	56.079129	2.766177	1.480501	9.575018
5493	5971.728431	58.425937	1.104127	1.506187	9.564666
5495	5973.817461	54.938138	1.316643	1.473490	10.095985
5497	5975.906305	53.367268	1.338719	1.468824	10.031082
5499	5977.995077	54.348554	1.226602	1.494880	9.888979
5501	5980.084451	54.205650	1.330256	1.473568	9.597650
5503	5982.173154	52.893243	1.191992	1.464777	9.949750
5505	5984.261925	53.587262	1.072625	1.479581	9.897376
5507	5986.350747	53.328205	1.322233	1.468233	9.917219
5509	5988.439747	53.297467	1.302132	1.468082	9.462707
5511	5990.529011	52.321902	3.516862	1.462905	10.082582
5513	5992.617888	53.729037	0.965879	1.480008	9.559119
5515	5994.706450	56.257875	3.315036	1.478101	9.670391
5517	5996.795459	57.809457	1.166468	1.506618	10.023974
5519	5998.884156	53.774263	0.791689	1.487092	9.722636
5521	6000.973310	57.517113	0.936167	1.506636	9.760220
5523	6003.062470	59.084234	1.083816	1.507844	9.477813
5525	6005.150830	53.987162	0.913891	1.480532	9.613736
5527	6007.239909	54.104060	1.191852	1.492590	9.693954
5529	6009.329059	57.907707	1.150886	1.508588	9.761728
5531	6011.417557	53.920665	0.946948	1.480310	9.610653
5533	6013.506837	55.788773	3.509061	1.470646	9.730617
5535	6015.595740	57.833198	1.130808	1.506239	9.851681
5537	6017.685248	57.332138	0.984442	1.507755	9.802572
5539	6019.773557	59.771718	1.278396	1.505422	9.642836
5541	6021.863146	59.050551	1.157440	1.508212	9.919738
5543	6023.951946	58.769141	1.227135	1.505436	9.607727
5545	6026.040814	58.047486	1.101693	1.506964	9.942884
5547	6028.129742	51.585890	1.282376	1.469353	9.543161
5549	6030.218863	52.174999	1.116944	1.462846	9.749786
5551	6032.307912	56.081561	2.786360	1.480768	9.957822
5553	6034.396622	58.166873	0.968780	1.504654	9.863915
5555	6036.485723	57.986588	1.182855	1.503900	9.699248
5557	6038.574483	58.054541	1.056256	1.506496	9.765272
5559	6040.663573	54.695024	1.251986	1.478255	9.946764
5561	6042.752537	53.335558	1.283808	1.468138	10.105484
5563	6044.841162	53.710813	1.190100	1.495906	9.789976
5565	6046.930226	54.064495	1.286093	1.472179	10.207381
5567	6049.019023	54.611427	1.233241	1.495317	10.044064
5569	6051.108331	53.881807	0.916239	1.480218	9.647275
5571	6053.196962	54.426111	1.186762	1.468936	9.592412
5573	6055.285364	54.685253	3.351672	1.474032	9.954649
5575	6057.374608	58.108674	1.128314	1.507939	9.775654
5577	6059.463532	58.743213	1.290681	1.504501	9.894112
5579	6061.552412	58.499006	1.230168	1.505039	9.823309
5581	6063.641492	53.161530	1.266010	1.470519	10.007540
5583	6065.730490	53.033050	3.093613	1.475437	9.909995
5585	6067.819269	57.628790	0.895826	1.506503	10.017432
5587	6069.908010	53.549526	0.826462	1.488169	10.016933
5589	6071.997079	54.681662	1.298216	1.470862	9.701288
5591	6074.086030	57.138351	3.501093	1.473409	9.926266
5593	6076.175425	58.412138	0.955739	1.509559	9.924093
5595	6078.264148	54.346866	1.190913	1.475269	9.853921
5597	6080.352788	54.035652	1.258533	1.469044	10.068459
5599	6082.442227	54.792134	4.207199	1.479943	9.911098
5601	6084.530864	53.738016	0.865945	1.488432	9.644117
5603	6086.620339	58.061214	1.044598	1.505325	10.005043
5605	6088.708942	54.481150	1.308599	1.469570	9.508082
5607	6090.798081	54.603516	1.196622	1.492866	9.824568
5609	6092.887221	57.796762	1.073770	1.506261	9.780700
5611	6094.975349	57.797209	1.114254	1.506810	9.941938
5613	6097.065157	52.747457	0.878413	1.491443	9.822294
5615	6099.153494	54.736157	1.303561	1.469715	9.891192
5617	6101.242878	56.146133	2.745175	1.480421	9.736171
5619	6103.332222	58.321368	0.941524	1.505045	9.945725
5621	6105.420542	53.706724	0.836363	1.488257	9.734681
5623	6107.509326	53.134615	0.877286	1.489355	9.981516
5625	6109.598459	58.136676	1.161106	1.505233	9.842672
5627	6111.687282	53.582505	0.790968	1.487191	9.909774
5629	6113.775812	53.609897	0.806876	1.488867	9.997328
5631	6115.865217	58.842854	1.341366	1.507853	9.832562
5633	6117.953949	58.902433	1.112455	1.506224	10.113360
5635	6120.042986	52.748559	0.938593	1.490883	9.473107
5637	6122.131620	53.360876	0.777793	1.487774	9.691308
5639	6124.220762	58.187174	1.128181	1.506811	9.690394
5641	6126.309622	58.156425	1.164019	1.505305	9.558390
5643	6128.398623	57.976138	1.170949	1.505078	9.927332
5645	6130.487264	50.427269	1.197350	1.466992	10.238955
5647	6132.576726	54.150952	1.076198	1.479354	9.855804
5649	6134.665613	53.986758	1.058299	1.479825	9.876673
5651	6136.754550	56.147320	4.049384	1.483669	9.652376
5653	6138.843592	54.287607	1.322815	1.470415	9.622228
5655	6140.932376	61.022201	3.330730	1.480732	9.612195
5657	6143.021376	54.117718	1.287548	1.469026	9.786307
5659	6145.110393	53.209287	3.521618	1.464494	10.025927
5661	6147.199210	57.443333	1.131435	1.504146	9.710515
5663	6149.288500	57.877529	1.093960	1.504416	9.603471
5665	6151.377352	53.294094	0.906504	1.489077	9.624641
5667	6153.466080	58.393314	1.161082	1.505438	9.992506
5669	6155.555306	58.049293	1.088719	1.504928	9.942456
5671	6157.643802	53.904520	0.981877	1.479495	9.928142
5673	6159.732741	54.259213	1.226688	1.495860	9.729749
5675	6161.821901	58.423513	1.063361	1.504675	9.659948
5677	6163.910914	54.187124	1.316442	1.468780	9.937801
5679	6165.999668	54.894126	4.233954	1.480702	9.766715
5681	6168.088450	57.232517	1.070710	1.504505	9.975975
5683	6170.177477	53.382976	0.779981	1.488147	9.506692
5685	6172.266332	58.804362	1.202450	1.502531	9.863498
5687	6174.355473	58.474197	1.031070	1.508404	9.772368
5689	6176.444376	58.614532	0.979431	1.509839	9.912016
5691	6178.533121	53.547070	0.795514	1.486810	9.989268
5693	6180.621913	58.320660	1.255674	1.504846	9.863765
5695	6182.711100	53.814339	0.747112	1.485401	9.962087
5697	6184.799792	58.422799	1.304425	1.507022	9.709704
5699	6186.888814	58.026732	1.241359	1.503917	9.850413
5701	6188.978187	52.791702	0.899718	1.489280	10.062333
5703	6191.067152	59.320963	1.181671	1.504776	10.100451
5705	6193.155878	58.148945	1.072408	1.505843	9.852699
5707	6195.244876	53.975443	0.965925	1.479283	9.908807
5709	6197.333612	53.665311	1.208292	1.495212	9.469310
5711	6199.422399	52.575619	1.278576	1.467001	9.650688
5713	6201.511490	60.496923	3.346179	1.480718	9.936084
5715	6203.600587	53.351456	0.844040	1.489383	9.651671
5717	6205.689730	53.749873	1.320633	1.471084	9.823114
5719	6207.778637	53.750539	1.336919	1.469120	9.548993
5721	6209.867846	53.302857	1.275575	1.466867	9.877172
5723	6211.956544	53.149691	1.254415	1.466433	9.783452
5725	6214.045537	53.864090	1.188202	1.492964	9.802426
5727	6216.134333	57.653426	1.213813	1.501559	10.017824
5729	6218.223297	52.934690	1.281855	1.468930	10.275192
5731	6220.312246	53.958356	1.086626	1.479119	9.897599
5733	6222.401520	53.946830	1.230567	1.495626	9.713949
5735	6224.490377	50.150311	1.227933	1.466402	9.756057
5737	6226.579255	53.944964	1.271104	1.467592	9.884999
5739	6228.668324	56.435002	2.819215	1.481127	9.684768
5741	6230.756922	53.938419	1.295626	1.471185	9.984121
5743	6232.845648	53.555025	4.198509	1.476374	9.546347
5745	6234.934702	53.480904	1.289603	1.467334	9.880692
5747	6237.023727	56.303457	4.081113	1.485373	9.659009
5749	6239.112622	58.199090	1.285573	1.504583	9.712745
5751	6241.201627	54.336396	1.334616	1.471163	9.841964
5753	6243.290406	53.822903	1.093806	1.478332	10.013441
5755	6245.379530	52.699725	1.187525	1.463527	9.817816
5757	6247.468260	53.565330	1.189636	1.494071	9.614498
5759	6249.557461	54.463888	1.348766	1.470991	9.789547
5761	6251.646239	53.386225	1.269796	1.465677	9.971449
5763	6253.735281	55.262443	3.317353	1.474601	9.901360
5765	6255.824357	53.588876	1.286165	1.468852	9.755679
5767	6257.912986	53.696499	1.199183	1.494698	9.734740
5769	6260.002093	57.756791	1.078936	1.505447	9.611649
5771	6262.091206	53.680088	0.836100	1.486694	9.852683
5773	6264.179883	59.284525	1.230608	1.501548	9.952335
5775	6266.269166	54.710415	1.315891	1.470494	9.581575
5777	6268.358087	53.854087	1.080034	1.478678	9.616702
5779	6270.446995	54.307984	1.203371	1.468849	9.710639
5781	6272.535742	53.950530	4.217718	1.477669	9.565925
5783	6274.624687	58.352144	1.192264	1.504377	9.921172
5785	6276.713821	58.366847	1.173533	1.504319	9.988774
5787	6278.802283	53.925480	0.960759	1.479292	9.595359
5789	6280.891720	53.994191	1.083611	1.478648	9.834670
5791	6282.981088	53.779551	1.288718	1.467948	9.925666
5793	6285.068927	53.782732	1.314950	1.468398	9.954562
5795	6287.158611	53.997733	1.071029	1.478551	9.979168
5797	6289.247489	53.957793	1.104036	1.477958	9.754227
5799	6291.336212	54.309198	1.212184	1.492274	9.857197
5801	6293.424829	53.863124	0.954007	1.478597	9.768912
5803	6295.513762	56.550904	3.584139	1.478501	9.671997
5805	6297.602945	58.002234	1.274703	1.502217	10.002141
5807	6299.691500	53.511735	0.847067	1.487004	9.874099
5809	6301.780622	53.917727	0.771210	1.485292	9.982833
5811	6303.869604	58.337006	1.161530	1.504111	9.919985
5813	6305.958496	52.104754	0.938709	1.493335	9.803562
5815	6308.047452	52.971750	0.886781	1.489333	9.780181
5817	6310.136604	53.228711	0.868497	1.488143	9.987576
5819	6312.224917	53.374609	1.277279	1.468149	9.681915
5821	6314.314534	53.821147	1.284957	1.467315	9.809307
5823	6316.403079	53.428155	1.218705	1.465451	9.660575
5825	6318.492377	56.581105	2.861373	1.481202	9.716146
5827	6320.581638	53.419497	1.245002	1.467555	9.804002
5829	6322.670426	55.564642	3.222538	1.473962	9.630137
5831	6324.759542	53.878286	0.807608	1.486252	9.622380
5833	6326.848287	59.071945	1.243255	1.501727	9.740959
5835	6328.937229	53.559395	0.816231	1.486615	9.858773
5837	6331.026322	57.968606	1.168801	1.503137	9.830034
5839	6333.115227	58.235015	1.187738	1.500735	9.648197
5841	6335.203856	57.623711	1.308290	1.501333	10.030413
5843	6337.293439	53.874698	0.887496	1.479509	9.949365
5845	6339.382394	56.272649	2.813139	1.479929	9.637100
5847	6341.470926	58.546510	1.103446	1.503368	10.014516
5849	6343.559651	53.861595	1.191521	1.471945	9.606819
5851	6345.648792	57.864761	3.510497	1.479806	10.081032
5853	6347.737674	53.739052	1.274482	1.468180	9.523197
5855	6349.826449	56.193444	4.272416	1.478921	10.043995
5857	6351.915465	58.001515	1.154331	1.502098	9.666505
5859	6354.004437	53.580076	0.831835	1.486724	9.893793
5861	6356.093186	53.753561	0.815028	1.486249	9.507073
5863	6358.182017	54.383312	1.170979	1.471927	9.906902
5865	6360.270794	56.501447	3.510171	1.477905	9.795489
5867	6362.359689	54.603534	1.316416	1.470022	9.745350
5869	6364.448692	59.069359	3.292793	1.475946	9.890778
5871	6366.537915	58.236196	0.979914	1.501744	9.561918
5873	6368.626684	58.040114	1.098105	1.505465	9.943204
5875	6370.715547	54.835023	1.248082	1.475193	9.820749
5877	6372.804343	53.805879	1.291227	1.467581	9.564272
5879	6374.893651	53.484525	1.332304	1.466856	9.923805
5881	6376.982472	53.712590	1.299386	1.467554	10.086875
5883	6379.071479	53.283753	3.960210	1.478472	9.876821
5885	6381.160499	53.819186	0.803313	1.485567	9.617987
5887	6383.249624	54.860530	0.756609	1.489184	9.729263
5889	6385.338259	57.807158	1.127376	1.504603	9.929000
5891	6387.427657	53.875734	0.800567	1.485230	10.004753
5893	6389.516408	58.588842	1.218123	1.503140	9.901136
5895	6391.605224	57.768280	1.135209	1.503353	9.946562
5897	6393.694521	57.842969	0.977379	1.502121	9.799468
5899	6395.783409	54.518799	1.159520	1.469293	9.801702
5901	6397.872231	56.217569	2.784933	1.479720	9.891860
5903	6399.960961	53.406180	0.833843	1.486625	9.578291
5905	6402.050109	53.800087	0.958083	1.478766	9.751849
5907	6404.139072	55.139098	2.748894	1.477149	9.835479
5909	6406.227804	57.858445	1.141610	1.503850	9.872304
5911	6408.316652	53.742238	0.834742	1.486632	9.869821
5913	6410.405612	53.825720	0.803004	1.485112	9.658575
5915	6412.494478	53.812681	0.837383	1.486387	9.825834
5917	6414.583305	54.014164	1.281082	1.467745	9.791249
5919	6416.672275	53.121246	1.314074	1.464502	9.699898
5921	6418.761224	54.422618	4.245655	1.478907	9.790962
5923	6420.849893	52.887127	1.257493	1.467813	9.918245
5925	6422.939041	53.131932	1.261372	1.465109	10.039410
5927	6425.027789	53.812165	1.187221	1.492941	9.738350
5929	6427.117097	58.520940	1.274487	1.506206	9.759419
5931	6429.205910	58.585119	1.044676	1.504846	9.965535
5933	6431.294868	58.491444	0.936666	1.505209	9.858884
5935	6433.383724	59.144120	1.304161	1.505535	9.962998
5937	6435.472708	59.099860	1.223777	1.502992	9.970061
5939	6437.561897	53.876607	0.955166	1.478245	9.849493
5941	6439.650929	56.241752	2.863070	1.479272	9.709918
5943	6441.740012	54.635255	1.299168	1.471322	9.376098
5945	6443.828808	53.739876	1.073865	1.477710	9.975073
5947	6445.917760	55.132328	3.533752	1.468744	9.508328
5949	6448.006264	54.252877	1.287077	1.468245	9.711259
5951	6450.095877	53.520310	4.223394	1.475731	9.711810
5953	6452.184677	55.495583	1.248640	1.474313	9.641204
5955	6454.274062	54.305021	1.214368	1.492347	9.870996
5957	6456.362532	53.995573	0.950965	1.478637	9.761416
5959	6458.451398	53.971100	1.097969	1.477760	9.470826
5961	6460.540177	52.961829	1.275378	1.463658	9.757333
5963	6462.629399	54.109554	1.205765	1.492528	9.682625
5965	6464.717718	57.901714	1.251597	1.504031	9.722440
5967	6466.806977	58.429028	1.165684	1.504168	9.300049
5969	6468.895532	58.222951	1.209943	1.504313	9.701990
